884 -1 -1 -1 -1
0 1314 673 1643 880
1 1314 673 1643 880
2 1314 673 1643 880
3 1306 667 1648 882
4 1306 667 1648 882
5 1306 667 1648 882
6 1306 667 1648 882
7 1294 663 1643 883
8 1294 663 1643 883
9 1294 663 1643 883
10 1283 654 1619 865
11 1283 654 1619 865
12 1283 654 1619 865
13 1277 653 1606 860
14 1277 653 1606 860
15 1277 653 1606 860
16 1272 650 1601 857
17 1272 650 1601 857
18 1272 650 1601 857
19 1262 643 1591 850
20 1262 643 1591 850
21 1262 643 1591 850
22 1258 642 1581 845
23 1258 642 1581 845
24 1258 642 1581 845
25 1246 634 1562 833
26 1246 634 1562 833
27 1246 634 1562 833
28 1240 630 1563 833
29 1240 630 1563 833
30 1240 630 1563 833
31 1230 626 1540 821
32 1230 626 1540 821
33 1230 626 1540 821
34 1223 622 1539 821
35 1223 622 1539 821
36 1223 622 1539 821
37 1215 615 1513 802
38 1215 615 1513 802
39 1215 615 1513 802
40 1212 613 1510 800
41 1212 613 1510 800
42 1212 613 1510 800
43 1199 607 1497 794
44 1199 607 1497 794
45 1199 607 1497 794
46 1190 602 1494 793
47 1190 602 1494 793
48 1190 602 1494 793
49 1163 588 1479 787
50 1163 588 1479 787
51 1163 588 1479 787
52 1173 592 1471 779
53 1173 592 1471 779
54 1173 592 1471 779
55 1167 588 1453 768
56 1167 588 1453 768
57 1167 588 1453 768
58 1157 584 1449 768
59 1157 584 1449 768
60 1157 584 1449 768
61 1143 575 1429 755
62 1143 575 1429 755
63 1143 575 1429 755
64 1140 574 1426 754
65 1140 574 1426 754
66 1140 574 1426 754
67 1131 567 1417 747
68 1131 567 1417 747
69 1131 567 1417 747
70 1122 566 1408 746
71 1122 566 1408 746
72 1122 566 1408 746
73 1113 557 1388 730
74 1113 557 1388 730
75 1113 557 1388 730
76 1106 554 1387 731
77 1106 554 1387 731
78 1106 554 1387 731
79 1100 549 1370 719
80 1100 549 1370 719
81 1100 549 1370 719
82 1089 545 1364 718
83 1089 545 1364 718
84 1089 545 1364 718
85 1079 540 1360 717
86 1079 540 1360 717
87 1079 540 1360 717
88 1073 536 1354 713
89 1073 536 1354 713
90 1073 536 1354 713
91 1053 523 1339 703
92 1053 523 1339 703
93 1053 523 1339 703
94 1057 526 1332 699
95 1057 526 1332 699
96 1057 526 1332 699
97 1049 519 1308 682
98 1049 519 1308 682
99 1049 519 1308 682
100 1042 518 1301 681
101 1042 518 1301 681
102 1042 518 1301 681
103 1030 509 1295 675
104 1030 509 1295 675
105 1030 509 1295 675
106 1025 508 1290 674
107 1025 508 1290 674
108 1025 508 1290 674
109 1018 503 1283 669
110 1018 503 1283 669
111 1018 503 1283 669
112 1001 495 1266 661
113 1001 495 1266 661
114 1001 495 1266 661
115 998 492 1263 658
116 998 492 1263 658
117 998 492 1263 658
118 991 490 1256 656
119 991 490 1256 656
120 991 490 1256 656
121 985 483 1234 640
122 985 483 1234 640
123 985 483 1234 640
124 977 480 1231 640
125 977 480 1231 640
126 977 480 1231 640
127 965 472 1214 629
128 965 472 1214 629
129 965 472 1214 629
130 961 472 1210 629
131 961 472 1210 629
132 961 472 1210 629
133 954 465 1194 616
134 954 465 1194 616
135 954 465 1194 616
136 948 465 1188 616
137 948 465 1188 616
138 948 465 1188 616
139 939 457 1174 605
140 939 457 1174 605
141 939 457 1174 605
142 931 454 1171 605
143 931 454 1171 605
144 931 454 1171 605
145 922 449 1166 603
146 922 449 1166 603
147 922 449 1166 603
148 917 447 1161 601
149 917 447 1161 601
150 917 447 1161 601
151 906 438 1146 589
152 906 438 1146 589
153 906 438 1146 589
154 902 438 1137 586
155 902 438 1137 586
156 902 438 1137 586
157 893 429 1123 574
158 893 429 1123 574
159 893 429 1123 574
160 887 430 1117 575
161 887 430 1117 575
162 887 430 1117 575
163 879 422 1105 564
164 879 422 1105 564
165 879 422 1105 564
166 875 422 1101 564
167 875 422 1101 564
168 875 422 1101 564
169 863 414 1089 556
170 863 414 1089 556
171 863 414 1089 556
172 859 413 1085 555
173 859 413 1085 555
174 859 413 1085 555
175 845 404 1075 549
176 845 404 1075 549
177 845 404 1075 549
178 846 405 1072 547
179 846 405 1072 547
180 846 405 1072 547
181 836 398 1057 537
182 836 398 1057 537
183 836 398 1057 537
184 834 399 1051 536
185 834 399 1051 536
186 834 399 1051 536
187 823 391 1040 528
188 823 391 1040 528
189 823 391 1040 528
190 822 392 1035 526
191 822 392 1035 526
192 822 392 1035 526
193 811 383 1024 517
194 811 383 1024 517
195 811 383 1024 517
196 809 385 1018 516
197 809 385 1018 516
198 809 385 1018 516
199 800 377 1005 506
200 800 377 1005 506
201 800 377 1005 506
202 796 378 1001 507
203 796 378 1001 507
204 796 378 1001 507
205 788 371 989 497
206 788 371 989 497
207 788 371 989 497
208 785 373 986 499
209 785 373 986 499
210 785 373 986 499
211 774 363 975 489
212 774 363 975 489
213 774 363 975 489
214 772 364 973 490
215 772 364 973 490
216 772 364 973 490
217 761 355 962 481
218 761 355 962 481
219 761 355 962 481
220 760 357 957 481
221 760 357 957 481
222 760 357 957 481
223 751 349 944 470
224 751 349 944 470
225 751 349 944 470
226 749 349 942 470
227 749 349 942 470
228 749 349 942 470
229 740 343 929 462
230 740 343 929 462
231 740 343 929 462
232 738 345 920 459
233 738 345 920 459
234 738 345 920 459
235 730 340 908 452
236 730 340 908 452
237 730 340 908 452
238 726 339 908 453
239 726 339 908 453
240 726 339 908 453
241 720 333 898 445
242 720 333 898 445
243 720 333 898 445
244 716 332 898 446
245 716 332 898 446
246 716 332 898 446
247 708 326 886 438
248 708 326 886 438
249 708 326 886 438
250 703 326 881 438
251 703 326 881 438
252 703 326 881 438
253 695 319 870 429
254 695 319 870 429
255 695 319 870 429
256 692 319 867 429
257 692 319 867 429
258 692 319 867 429
259 686 312 857 420
260 686 312 857 420
261 686 312 857 420
262 681 312 856 422
263 681 312 856 422
264 681 312 856 422
265 672 305 850 417
266 672 305 850 417
267 672 305 850 417
268 669 306 847 418
269 669 306 847 418
270 669 306 847 418
271 661 298 839 410
272 661 298 839 410
273 661 298 839 410
274 659 297 837 409
275 659 297 837 409
276 659 297 837 409
277 650 293 828 405
278 650 293 828 405
279 650 293 828 405
280 646 292 824 404
281 646 292 824 404
282 646 292 824 404
283 635 283 817 397
284 635 283 817 397
285 635 283 817 397
286 636 284 814 396
287 636 284 814 396
288 636 284 814 396
289 628 279 806 391
290 628 279 806 391
291 628 279 806 391
292 627 279 802 389
293 627 279 802 389
294 627 279 802 389
295 614 272 792 384
296 614 272 792 384
297 614 272 792 384
298 612 273 790 385
299 612 273 790 385
300 612 273 790 385
301 608 268 783 378
302 608 268 783 378
303 608 268 783 378
304 606 267 777 375
305 606 267 777 375
306 606 267 777 375
307 598 264 766 370
308 598 264 766 370
309 598 264 766 370
310 596 264 761 368
311 596 264 761 368
312 596 264 761 368
313 586 256 754 362
314 586 256 754 362
315 586 256 754 362
316 585 256 753 362
317 585 256 753 362
318 585 256 753 362
319 580 252 745 356
320 580 252 745 356
321 580 252 745 356
322 574 250 739 354
323 574 250 739 354
324 574 250 739 354
325 573 249 734 350
326 573 249 734 350
327 573 249 734 350
328 568 247 729 348
329 568 247 729 348
330 568 247 729 348
331 560 243 721 344
332 560 243 721 344
333 560 243 721 344
334 557 242 718 343
335 557 242 718 343
336 557 242 718 343
337 551 237 712 338
338 551 237 712 338
339 551 237 712 338
340 550 238 708 337
341 550 238 708 337
342 550 238 708 337
343 541 233 699 332
344 541 233 699 332
345 541 233 699 332
346 539 232 697 331
347 539 232 697 331
348 539 232 697 331
349 534 229 689 327
350 534 229 689 327
351 534 229 689 327
352 531 228 686 326
353 531 228 686 326
354 531 228 686 326
355 521 222 679 321
356 521 222 679 321
357 521 222 679 321
358 520 221 678 320
359 520 221 678 320
360 520 221 678 320
361 514 218 669 316
362 514 218 669 316
363 514 218 669 316
364 513 218 665 314
365 513 218 665 314
366 513 218 665 314
367 507 213 656 307
368 507 213 656 307
369 507 213 656 307
370 505 213 654 307
371 505 213 654 307
372 505 213 654 307
373 498 209 647 303
374 498 209 647 303
375 498 209 647 303
376 495 208 644 302
377 495 208 644 302
378 495 208 644 302
379 489 204 638 298
380 489 204 638 298
381 489 204 638 298
382 487 203 636 297
383 487 203 636 297
384 487 203 636 297
385 478 198 627 292
386 478 198 627 292
387 478 198 627 292
388 479 200 625 292
389 479 200 625 292
390 479 200 625 292
391 473 195 619 287
392 473 195 619 287
393 473 195 619 287
394 471 195 617 287
395 471 195 617 287
396 471 195 617 287
397 466 191 609 281
398 466 191 609 281
399 466 191 609 281
400 465 192 605 280
401 465 192 605 280
402 465 192 605 280
403 458 187 596 274
404 458 187 596 274
405 458 187 596 274
406 456 187 594 274
407 456 187 594 274
408 456 187 594 274
409 451 183 589 270
410 451 183 589 270
411 451 183 589 270
412 448 183 586 270
413 448 183 586 270
414 448 183 586 270
415 441 179 579 266
416 441 179 579 266
417 441 179 579 266
418 440 178 578 265
419 440 178 578 265
420 440 178 578 265
421 435 175 570 260
422 435 175 570 260
423 435 175 570 260
424 434 175 569 260
425 434 175 569 260
426 434 175 569 260
427 427 171 559 254
428 427 171 559 254
429 427 171 559 254
430 426 171 558 254
431 426 171 558 254
432 426 171 558 254
433 421 167 553 250
434 421 167 553 250
435 421 167 553 250
436 419 167 551 250
437 419 167 551 250
438 419 167 551 250
439 412 163 542 245
440 412 163 542 245
441 412 163 542 245
442 412 163 539 243
443 412 163 539 243
444 412 163 539 243
445 408 159 535 239
446 408 159 535 239
447 408 159 535 239
448 406 159 533 239
449 406 159 533 239
450 406 159 533 239
451 400 155 527 235
452 400 155 527 235
453 400 155 527 235
454 398 155 525 235
455 398 155 525 235
456 398 155 525 235
457 393 153 518 231
458 393 153 518 231
459 393 153 518 231
460 392 151 517 229
461 392 151 517 229
462 392 151 517 229
463 387 149 512 227
464 387 149 512 227
465 387 149 512 227
466 385 148 510 226
467 385 148 510 226
468 385 148 510 226
469 378 145 500 222
470 378 145 500 222
471 378 145 500 222
472 378 144 500 221
473 378 144 500 221
474 378 144 500 221
475 374 142 499 220
476 374 142 499 220
477 374 142 499 220
478 372 142 494 219
479 372 142 494 219
480 372 142 494 219
481 368 139 485 213
482 368 139 485 213
483 368 139 485 213
484 367 138 484 212
485 367 138 484 212
486 367 138 484 212
487 363 136 480 210
488 363 136 480 210
489 363 136 480 210
490 360 135 480 210
491 360 135 480 210
492 360 135 480 210
493 354 131 474 206
494 354 131 474 206
495 354 131 474 206
496 353 131 473 206
497 353 131 473 206
498 353 131 473 206
499 350 129 470 204
500 350 129 470 204
501 350 129 470 204
502 348 126 470 203
503 348 126 470 203
504 348 126 470 203
505 344 125 464 200
506 344 125 464 200
507 344 125 464 200
508 341 124 461 199
509 341 124 461 199
510 341 124 461 199
511 337 121 452 193
512 337 121 452 193
513 337 121 452 193
514 337 121 452 193
515 337 121 452 193
516 337 121 452 193
517 331 119 446 191
518 331 119 446 191
519 331 119 446 191
520 331 118 446 190
521 331 118 446 190
522 331 118 446 190
523 325 115 438 186
524 325 115 438 186
525 325 115 438 186
526 325 115 438 186
527 325 115 438 186
528 325 115 438 186
529 321 113 434 184
530 321 113 434 184
531 321 113 434 184
532 321 113 432 183
533 321 113 432 183
534 321 113 432 183
535 315 109 424 177
536 315 109 424 177
537 315 109 424 177
538 314 110 423 178
539 314 110 423 178
540 314 110 423 178
541 310 107 416 174
542 310 107 416 174
543 310 107 416 174
544 311 107 415 173
545 311 107 415 173
546 311 107 415 173
547 307 105 413 172
548 307 105 413 172
549 307 105 413 172
550 306 105 410 171
551 306 105 410 171
552 306 105 410 171
553 301 102 405 168
554 301 102 405 168
555 301 102 405 168
556 299 100 405 167
557 299 100 405 167
558 299 100 405 167
559 297 100 401 166
560 297 100 401 166
561 297 100 401 166
562 295 98 401 165
563 295 98 401 165
564 295 98 401 165
565 291 96 393 160
566 291 96 393 160
567 291 96 393 160
568 290 96 392 160
569 290 96 392 160
570 290 96 392 160
571 287 92 391 158
572 287 92 391 158
573 287 92 391 158
574 287 92 389 156
575 287 92 389 156
576 287 92 389 156
577 282 91 384 155
578 282 91 384 155
579 282 91 384 155
580 281 92 381 155
581 281 92 381 155
582 281 92 381 155
583 279 88 379 151
584 279 88 379 151
585 279 88 379 151
586 277 89 377 152
587 277 89 377 152
588 277 89 377 152
589 274 86 372 148
590 274 86 372 148
591 274 86 372 148
592 272 86 370 148
593 272 86 370 148
594 272 86 370 148
595 270 84 364 143
596 270 84 364 143
597 270 84 364 143
598 268 83 364 144
599 268 83 364 144
600 268 83 364 144
601 265 80 363 142
602 265 80 363 142
603 265 80 363 142
604 264 79 362 141
605 264 79 362 141
606 264 79 362 141
607 261 79 357 140
608 261 79 357 140
609 261 79 357 140
610 259 77 357 139
611 259 77 357 139
612 259 77 357 139
613 256 75 352 136
614 256 75 352 136
615 256 75 352 136
616 255 75 351 136
617 255 75 351 136
618 255 75 351 136
619 252 74 346 133
620 252 74 346 133
621 252 74 346 133
622 251 74 344 132
623 251 74 344 132
624 251 74 344 132
625 250 72 343 130
626 250 72 343 130
627 250 72 343 130
628 249 71 342 129
629 249 71 342 129
630 249 71 342 129
631 244 68 338 127
632 244 68 338 127
633 244 68 338 127
634 243 68 337 127
635 243 68 337 127
636 243 68 337 127
637 240 66 334 125
638 240 66 334 125
639 240 66 334 125
640 239 66 332 124
641 239 66 332 124
642 239 66 332 124
643 238 65 329 122
644 238 65 329 122
645 238 65 329 122
646 236 63 327 120
647 236 63 327 120
648 236 63 327 120
649 233 61 326 119
650 233 61 326 119
651 233 61 326 119
652 232 61 323 118
653 232 61 323 118
654 232 61 323 118
655 229 59 323 118
656 229 59 323 118
657 229 59 323 118
658 228 59 321 117
659 228 59 321 117
660 228 59 321 117
661 226 58 319 116
662 226 58 319 116
663 226 58 319 116
664 224 57 318 116
665 224 57 318 116
666 224 57 318 116
667 222 55 315 113
668 222 55 315 113
669 222 55 315 113
670 221 55 312 112
671 221 55 312 112
672 221 55 312 112
673 219 53 312 111
674 219 53 312 111
675 219 53 312 111
676 218 53 309 110
677 218 53 309 110
678 218 53 309 110
679 216 51 305 107
680 216 51 305 107
681 216 51 305 107
682 215 51 304 107
683 215 51 304 107
684 215 51 304 107
685 212 49 303 106
686 212 49 303 106
687 212 49 303 106
688 211 49 300 105
689 211 49 300 105
690 211 49 300 105
691 209 47 300 104
692 209 47 300 104
693 209 47 300 104
694 208 47 297 103
695 208 47 297 103
696 208 47 297 103
697 205 46 296 103
698 205 46 296 103
699 205 46 296 103
700 205 46 296 103
701 205 46 296 103
702 205 46 296 103
703 204 45 288 98
704 204 45 288 98
705 204 45 288 98
706 203 44 285 96
707 203 44 285 96
708 203 44 285 96
709 200 43 286 97
710 200 43 286 97
711 200 43 286 97
712 200 42 282 94
713 200 42 282 94
714 200 42 282 94
715 198 41 282 94
716 198 41 282 94
717 198 41 282 94
718 196 39 283 94
719 196 39 283 94
720 196 39 283 94
721 193 39 280 94
722 193 39 280 94
723 193 39 280 94
724 192 38 279 93
725 192 38 279 93
726 192 38 279 93
727 190 37 277 92
728 190 37 277 92
729 190 37 277 92
730 189 36 276 91
731 189 36 276 91
732 189 36 276 91
733 187 34 274 89
734 187 34 274 89
735 187 34 274 89
736 186 35 272 89
737 186 35 272 89
738 186 35 272 89
739 183 32 267 85
740 183 32 267 85
741 183 32 267 85
742 183 33 265 85
743 183 33 265 85
744 183 33 265 85
745 180 31 266 85
746 180 31 266 85
747 180 31 266 85
748 180 31 266 85
749 180 31 266 85
750 180 31 266 85
751 179 31 260 82
752 179 31 260 82
753 179 31 260 82
754 177 28 259 80
755 177 28 259 80
756 177 28 259 80
757 175 28 259 81
758 175 28 259 81
759 175 28 259 81
760 175 28 259 81
761 175 28 259 81
762 175 28 259 81
763 173 27 254 78
764 173 27 254 78
765 173 27 254 78
766 171 25 253 77
767 171 25 253 77
768 171 25 253 77
769 170 25 252 77
770 170 25 252 77
771 170 25 252 77
772 170 25 252 77
773 170 25 252 77
774 170 25 252 77
775 167 24 248 75
776 167 24 248 75
777 167 24 248 75
778 166 22 247 73
779 166 22 247 73
780 166 22 247 73
781 164 22 243 72
782 164 22 243 72
783 164 22 243 72
784 163 21 242 71
785 163 21 242 71
786 163 21 242 71
787 162 21 241 71
788 162 21 241 71
789 162 21 241 71
790 160 19 242 71
791 160 19 242 71
792 160 19 242 71
793 158 19 239 70
794 158 19 239 70
795 158 19 239 70
796 157 16 238 67
797 157 16 238 67
798 157 16 238 67
799 155 16 236 67
800 155 16 236 67
801 155 16 236 67
802 155 16 236 67
803 155 16 233 65
804 155 16 233 65
805 155 16 233 65
806 154 15 232 64
807 154 15 232 64
808 154 15 232 64
809 154 15 232 64
810 154 15 232 64
811 151 14 229 63
812 151 14 229 63
813 151 14 229 63
814 151 14 229 63
815 149 13 228 63
816 149 13 228 63
817 149 13 228 63
818 148 12 227 62
819 148 12 227 62
820 148 12 227 62
821 148 12 227 62
822 148 12 227 62
823 146 11 222 59
824 146 11 222 59
825 146 11 222 59
826 146 11 222 59
827 144 10 220 58
828 144 10 220 58
829 144 10 220 58
830 144 10 220 58
831 143 9 219 57
832 143 9 219 57
833 143 9 219 57
834 143 9 219 57
835 140 8 216 56
836 140 8 216 56
837 140 8 216 56
838 140 8 216 56
839 139 7 214 54
840 139 7 214 54
841 139 7 214 54
842 139 7 214 54
843 137 6 213 54
844 137 6 213 54
845 137 6 213 54
846 137 6 213 54
847 136 5 211 52
848 136 5 211 52
849 136 5 211 52
850 136 5 211 52
851 135 4 208 50
852 135 4 208 50
853 135 4 208 50
854 135 4 208 50
855 133 3 208 50
856 133 3 208 50
857 133 3 208 50
858 133 3 208 50
859 132 2 205 48
860 132 2 205 48
861 132 2 205 48
862 132 2 205 48
863 130 2 202 47
864 130 2 202 47
865 130 2 202 47
866 130 2 202 47
867 128 0 203 47
868 128 0 203 47
869 128 0 203 47
870 128 0 203 47
871 127 0 200 46
872 127 0 200 46
873 127 0 200 46
874 127 0 200 46
875 126 -1 198 44
876 126 -1 198 44
877 126 -1 198 44
878 0 0 0 0
879 0 0 0 0
880 0 0 0 0
881 0 0 0 0
882 0 0 0 0
883 0 0 0 0
884 0 0 0 0
885 0 0 0 0
886 0 0 0 0
