653 -1 -1 -1 -1
0 1383 301 1536 375
1 1383 301 1536 375
2 1383 301 1536 375
3 1383 301 1536 375
4 1374 301 1530 376
5 1374 301 1530 376
6 1374 301 1530 376
7 1368 303 1521 377
8 1368 303 1521 377
9 1368 303 1521 377
10 1354 304 1507 378
11 1354 304 1507 378
12 1354 304 1507 378
13 1339 306 1492 380
14 1339 306 1492 380
15 1339 306 1492 380
16 1331 307 1484 381
17 1331 307 1484 381
18 1331 307 1484 381
19 1322 306 1478 381
20 1322 306 1478 381
21 1322 306 1478 381
22 1310 308 1463 382
23 1310 308 1463 382
24 1310 308 1463 382
25 1294 309 1450 384
26 1294 309 1450 384
27 1294 309 1450 384
28 1285 308 1444 385
29 1285 308 1444 385
30 1285 308 1444 385
31 1276 308 1438 387
32 1276 308 1438 387
33 1276 308 1438 387
34 1262 309 1424 388
35 1262 309 1424 388
36 1262 309 1424 388
37 1248 310 1410 389
38 1248 310 1410 389
39 1248 310 1410 389
40 1237 310 1406 392
41 1237 310 1406 392
42 1237 310 1406 392
43 1230 309 1399 391
44 1230 309 1399 391
45 1230 309 1399 391
46 1218 310 1384 390
47 1218 310 1384 390
48 1218 310 1384 390
49 1205 311 1371 391
50 1205 311 1371 391
51 1205 311 1371 391
52 1196 311 1365 393
53 1196 311 1365 393
54 1196 311 1365 393
55 1195 315 1351 390
56 1195 315 1351 390
57 1195 315 1351 390
58 1177 315 1336 392
59 1177 315 1336 392
60 1177 315 1336 392
61 1161 315 1323 394
62 1161 315 1323 394
63 1161 315 1323 394
64 1152 315 1321 397
65 1152 315 1321 397
66 1152 315 1321 397
67 1144 314 1316 397
68 1144 314 1316 397
69 1144 314 1316 397
70 1130 314 1306 399
71 1130 314 1306 399
72 1130 314 1306 399
73 1119 315 1291 398
74 1119 315 1291 398
75 1119 315 1291 398
76 1112 316 1281 398
77 1112 316 1281 398
78 1112 316 1281 398
79 1104 317 1273 399
80 1104 317 1273 399
81 1104 317 1273 399
82 1089 317 1258 399
83 1089 317 1258 399
84 1089 317 1258 399
85 1076 318 1245 400
86 1076 318 1245 400
87 1076 318 1245 400
88 1069 318 1238 400
89 1069 318 1238 400
90 1069 318 1238 400
91 1058 317 1234 402
92 1058 317 1234 402
93 1058 317 1234 402
94 1044 317 1223 404
95 1044 317 1223 404
96 1044 317 1223 404
97 1031 318 1210 405
98 1031 318 1210 405
99 1031 318 1210 405
100 1022 318 1205 406
101 1022 318 1205 406
102 1022 318 1205 406
103 1017 319 1196 406
104 1017 319 1196 406
105 1017 319 1196 406
106 1004 320 1183 407
107 1004 320 1183 407
108 1004 320 1183 407
109 991 319 1170 406
110 991 319 1170 406
111 991 319 1170 406
112 983 318 1162 405
113 983 318 1162 405
114 983 318 1162 405
115 977 318 1156 405
116 977 318 1156 405
117 977 318 1156 405
118 965 319 1144 406
119 965 319 1144 406
120 965 319 1144 406
121 955 321 1134 408
122 955 321 1134 408
123 955 321 1134 408
124 948 322 1124 407
125 948 322 1124 407
126 948 322 1124 407
127 943 325 1112 407
128 943 325 1112 407
129 943 325 1112 407
130 933 321 1099 401
131 933 321 1099 401
132 933 321 1099 401
133 925 321 1091 401
134 925 321 1091 401
135 925 321 1091 401
136 913 324 1079 404
137 913 324 1079 404
138 913 324 1079 404
139 909 324 1075 404
140 909 324 1075 404
141 909 324 1075 404
142 898 323 1064 403
143 898 323 1064 403
144 898 323 1064 403
145 883 320 1049 400
146 883 320 1049 400
147 883 320 1049 400
148 879 319 1045 399
149 879 319 1045 399
150 879 319 1045 399
151 870 320 1036 400
152 870 320 1036 400
153 870 320 1036 400
154 858 319 1027 401
155 858 319 1027 401
156 858 319 1027 401
157 845 320 1011 400
158 845 320 1011 400
159 845 320 1011 400
160 841 320 1007 400
161 841 320 1007 400
162 841 320 1007 400
163 838 322 997 399
164 838 322 997 399
165 838 322 997 399
166 823 320 982 397
167 823 320 982 397
168 823 320 982 397
169 814 320 973 397
170 814 320 973 397
171 814 320 973 397
172 805 320 964 397
173 805 320 964 397
174 805 320 964 397
175 796 322 952 397
176 796 322 952 397
177 796 322 952 397
178 788 320 944 395
179 788 320 944 395
180 788 320 944 395
181 780 318 936 393
182 780 318 936 393
183 780 318 936 393
184 776 317 932 392
185 776 317 932 392
186 776 317 932 392
187 768 316 927 393
188 768 316 927 393
189 768 316 927 393
190 758 314 917 391
191 758 314 917 391
192 758 314 917 391
193 746 313 905 390
194 746 313 905 390
195 746 313 905 390
196 743 312 899 387
197 743 312 899 387
198 743 312 899 387
199 734 311 893 388
200 734 311 893 388
201 734 311 893 388
202 725 310 884 387
203 725 310 884 387
204 725 310 884 387
205 714 309 873 386
206 714 309 873 386
207 714 309 873 386
208 711 307 870 384
209 711 307 870 384
210 711 307 870 384
211 706 307 865 384
212 706 307 865 384
213 706 307 865 384
214 699 304 855 379
215 699 304 855 379
216 699 304 855 379
217 690 303 843 377
218 690 303 843 377
219 690 303 843 377
220 687 303 840 377
221 687 303 840 377
222 687 303 840 377
223 682 302 835 376
224 682 302 835 376
225 682 302 835 376
226 671 300 821 373
227 671 300 821 373
228 671 300 821 373
229 661 298 811 371
230 661 298 811 371
231 661 298 811 371
232 657 296 807 369
233 657 296 807 369
234 657 296 807 369
235 656 295 806 368
236 656 295 806 368
237 656 295 806 368
238 647 294 794 365
239 647 294 794 365
240 647 294 794 365
241 639 293 783 363
242 639 293 783 363
243 639 293 783 363
244 634 292 778 362
245 634 292 778 362
246 634 292 778 362
247 631 289 775 359
248 631 289 775 359
249 631 289 775 359
250 623 288 767 358
251 623 288 767 358
252 623 288 767 358
253 614 286 758 356
254 614 286 758 356
255 614 286 758 356
256 611 284 755 354
257 611 284 755 354
258 611 284 755 354
259 608 283 752 353
260 608 283 752 353
261 608 283 752 353
262 603 282 744 350
263 603 282 744 350
264 603 282 744 350
265 596 280 737 348
266 596 280 737 348
267 596 280 737 348
268 592 279 731 346
269 592 279 731 346
270 592 279 731 346
271 589 277 728 344
272 589 277 728 344
273 589 277 728 344
274 583 276 722 343
275 583 276 722 343
276 583 276 722 343
277 576 273 715 340
278 576 273 715 340
279 576 273 715 340
280 574 272 710 338
281 574 272 710 338
282 574 272 710 338
283 569 272 705 338
284 569 272 705 338
285 569 272 705 338
286 564 270 697 334
287 564 270 697 334
288 564 270 697 334
289 558 268 691 332
290 558 268 691 332
291 558 268 691 332
292 556 267 687 330
293 556 267 687 330
294 556 267 687 330
295 552 266 680 328
296 552 266 680 328
297 552 266 680 328
298 546 263 674 325
299 546 263 674 325
300 546 263 674 325
301 540 262 666 323
302 540 262 666 323
303 540 262 666 323
304 538 262 661 322
305 538 262 661 322
306 538 262 661 322
307 536 260 657 318
308 536 260 657 318
309 536 260 657 318
310 531 258 649 315
311 531 258 649 315
312 531 258 649 315
313 526 256 642 312
314 526 256 642 312
315 526 256 642 312
316 524 254 638 309
317 524 254 638 309
318 524 254 638 309
319 523 253 637 308
320 523 253 637 308
321 523 253 637 308
322 516 251 630 306
323 516 251 630 306
324 516 251 630 306
325 512 249 623 303
326 512 249 623 303
327 512 249 623 303
328 509 248 620 302
329 509 248 620 302
330 509 248 620 302
331 507 246 616 299
332 507 246 616 299
333 507 246 616 299
334 503 245 610 297
335 503 245 610 297
336 503 245 610 297
337 499 242 604 293
338 499 242 604 293
339 499 242 604 293
340 498 242 601 292
341 498 242 601 292
342 498 242 601 292
343 494 241 597 291
344 494 241 597 291
345 494 241 597 291
346 490 237 591 286
347 490 237 591 286
348 490 237 591 286
349 485 236 586 285
350 485 236 586 285
351 485 236 586 285
352 482 234 583 283
353 482 234 583 283
354 482 234 583 283
355 480 232 581 281
356 480 232 581 281
357 480 232 581 281
358 476 230 575 278
359 476 230 575 278
360 476 230 575 278
361 471 227 568 274
362 471 227 568 274
363 471 227 568 274
364 469 227 566 274
365 469 227 566 274
366 469 227 566 274
367 467 225 564 272
368 467 225 564 272
369 467 225 564 272
370 461 223 558 270
371 461 223 558 270
372 461 223 558 270
373 457 219 552 265
374 457 219 552 265
375 457 219 552 265
376 456 219 551 265
377 456 219 551 265
378 456 219 551 265
379 454 218 547 263
380 454 218 547 263
381 454 218 547 263
382 448 214 541 259
383 448 214 541 259
384 448 214 541 259
385 444 213 535 257
386 444 213 535 257
387 444 213 535 257
388 443 212 534 256
389 443 212 534 256
390 443 212 534 256
391 440 209 530 252
392 440 209 530 252
393 440 209 530 252
394 435 208 525 251
395 435 208 525 251
396 435 208 525 251
397 430 204 520 247
398 430 204 520 247
399 430 204 520 247
400 428 203 518 246
401 428 203 518 246
402 428 203 518 246
403 426 203 516 246
404 426 203 516 246
405 426 203 516 246
406 420 199 510 242
407 420 199 510 242
408 420 199 510 242
409 416 197 506 240
410 416 197 506 240
411 416 197 506 240
412 414 195 504 238
413 414 195 504 238
414 414 195 504 238
415 413 193 503 236
416 413 193 503 236
417 413 193 503 236
418 407 192 497 235
419 407 192 497 235
420 407 192 497 235
421 402 188 492 231
422 402 188 492 231
423 402 188 492 231
424 400 187 490 230
425 400 187 490 230
426 400 187 490 230
427 397 186 487 229
428 397 186 487 229
429 397 186 487 229
430 391 183 481 226
431 391 183 481 226
432 391 183 481 226
433 387 180 477 223
434 387 180 477 223
435 387 180 477 223
436 385 180 475 223
437 385 180 475 223
438 385 180 475 223
439 385 179 475 222
440 385 179 475 222
441 385 179 475 222
442 378 176 468 219
443 378 176 468 219
444 378 176 468 219
445 374 173 464 216
446 374 173 464 216
447 374 173 464 216
448 373 173 463 216
449 373 173 463 216
450 373 173 463 216
451 370 171 460 214
452 370 171 460 214
453 370 171 460 214
454 363 168 453 211
455 363 168 453 211
456 363 168 453 211
457 359 165 449 208
458 359 165 449 208
459 359 165 449 208
460 359 165 449 208
461 359 165 449 208
462 359 165 449 208
463 357 164 447 207
464 357 164 447 207
465 357 164 447 207
466 351 160 441 203
467 351 160 441 203
468 351 160 441 203
469 346 157 436 200
470 346 157 436 200
471 346 157 436 200
472 345 158 435 201
473 345 158 435 201
474 345 158 435 201
475 344 156 434 199
476 344 156 434 199
477 344 156 434 199
478 338 153 428 196
479 338 153 428 196
480 338 153 428 196
481 335 152 425 195
482 335 152 425 195
483 335 152 425 195
484 330 149 420 192
485 330 149 420 192
486 330 149 420 192
487 330 149 420 192
488 330 149 420 192
489 330 149 420 192
490 326 145 416 188
491 326 145 416 188
492 326 145 416 188
493 322 144 412 187
494 322 144 412 187
495 322 144 412 187
496 318 143 409 187
497 318 143 409 187
498 318 143 409 187
499 316 142 407 186
500 316 142 407 186
501 316 142 407 186
502 314 139 404 182
503 314 139 404 182
504 314 139 404 182
505 309 136 399 179
506 309 136 399 179
507 309 136 399 179
508 307 135 397 178
509 307 135 397 178
510 307 135 397 178
511 304 135 395 179
512 304 135 395 179
513 304 135 395 179
514 302 131 393 175
515 302 131 393 175
516 302 131 393 175
517 298 129 389 173
518 298 129 389 173
519 298 129 389 173
520 296 129 387 173
521 296 129 387 173
522 296 129 387 173
523 293 127 384 171
524 293 127 384 171
525 293 127 384 171
526 292 125 383 169
527 292 125 383 169
528 292 125 383 169
529 286 122 377 166
530 286 122 377 166
531 286 122 377 166
532 284 122 375 166
533 284 122 375 166
534 284 122 375 166
535 282 121 373 165
536 282 121 373 165
537 282 121 373 165
538 280 119 371 163
539 280 119 371 163
540 280 119 371 163
541 275 115 366 159
542 275 115 366 159
543 275 115 366 159
544 271 114 364 159
545 271 114 364 159
546 271 114 364 159
547 269 113 362 158
548 269 113 362 158
549 269 113 362 158
550 267 112 360 157
551 267 112 360 157
552 267 112 360 157
553 263 108 356 153
554 263 108 356 153
555 263 108 356 153
556 260 107 353 152
557 260 107 353 152
558 260 107 353 152
559 259 107 352 152
560 259 107 352 152
561 259 107 352 152
562 256 104 349 149
563 256 104 349 149
564 256 104 349 149
565 252 103 345 148
566 252 103 345 148
567 252 103 345 148
568 251 102 344 147
569 251 102 344 147
570 251 102 344 147
571 249 101 342 146
572 249 101 342 146
573 249 101 342 146
574 245 98 336 142
575 245 98 336 142
576 245 98 336 142
577 243 98 334 142
578 243 98 334 142
579 243 98 334 142
580 242 97 333 141
581 242 97 333 141
582 242 97 333 141
583 241 96 332 140
584 241 96 332 140
585 241 96 332 140
586 236 93 327 137
587 236 93 327 137
588 236 93 327 137
589 233 91 324 135
590 233 91 324 135
591 233 91 324 135
592 254 90 345 134
593 254 90 345 134
594 254 90 345 134
595 230 90 321 134
596 230 90 321 134
597 230 90 321 134
598 226 88 317 132
599 226 88 317 132
600 226 88 317 132
601 224 86 315 130
602 224 86 315 130
603 224 86 315 130
604 244 83 335 127
605 244 83 335 127
606 244 83 335 127
607 244 84 334 127
608 244 84 334 127
609 244 84 334 127
610 218 82 308 125
611 218 82 308 125
612 218 82 308 125
613 215 80 305 123
614 215 80 305 123
615 215 80 305 123
616 213 79 303 122
617 213 79 303 122
618 213 79 303 122
619 212 78 302 121
620 212 78 302 121
621 212 78 302 121
622 211 77 301 120
623 211 77 301 120
624 211 77 301 120
625 204 74 294 117
626 204 74 294 117
627 204 74 294 117
628 204 74 294 117
629 204 74 292 117
630 204 74 292 117
631 204 74 292 117
632 204 74 292 117
633 204 74 292 117
634 204 74 292 117
635 199 70 287 113
636 199 70 287 113
637 199 70 287 113
638 197 70 285 113
639 197 70 285 113
640 197 70 285 113
641 197 68 285 111
642 197 68 285 111
643 197 68 285 111
644 197 68 285 111
645 193 67 281 110
646 193 67 281 110
647 193 67 281 110
648 192 66 280 109
649 192 66 280 109
650 192 66 280 109
651 188 64 276 107
652 188 64 276 107
653 188 64 276 107
