885 -1 -1 -1 -1
0 930 591 1092 704
1 930 591 1092 704
2 930 591 1092 704
3 930 591 1092 704
4 930 591 1092 704
5 930 591 1092 704
6 930 591 1092 704
7 930 591 1092 704
8 930 591 1092 704
9 874 622 1024 726
10 874 622 1024 726
11 874 622 1024 726
12 874 622 1024 726
13 879 629 1032 735
14 879 629 1032 735
15 879 629 1032 735
16 801 657 951 761
17 801 657 951 761
18 801 657 951 761
19 812 670 968 779
20 812 670 968 779
21 812 670 968 779
22 835 699 985 803
23 835 699 985 803
24 835 699 985 803
25 847 706 994 808
26 847 706 994 808
27 847 706 994 808
28 859 715 1000 813
29 859 715 1000 813
30 859 715 1000 813
31 876 736 1014 832
32 876 736 1014 832
33 876 736 1014 832
34 898 757 1031 850
35 898 757 1031 850
36 898 757 1031 850
37 908 765 1044 860
38 908 765 1044 860
39 908 765 1044 860
40 921 776 1051 867
41 921 776 1051 867
42 921 776 1051 867
43 935 765 1063 854
44 935 765 1063 854
45 935 765 1063 854
46 953 782 1081 871
47 953 782 1081 871
48 953 782 1081 871
49 963 790 1093 881
50 963 790 1093 881
51 963 790 1093 881
52 974 799 1110 894
53 974 799 1110 894
54 974 799 1110 894
55 996 817 1134 913
56 996 817 1134 913
57 996 817 1134 913
58 1024 832 1160 927
59 1024 832 1160 927
60 1024 832 1160 927
61 1063 832 1199 927
62 1063 832 1199 927
63 1063 832 1199 927
64 1070 831 1208 927
65 1070 831 1208 927
66 1070 831 1208 927
67 1088 821 1229 919
68 1088 821 1229 919
69 1088 821 1229 919
70 1088 821 1229 919
71 1088 821 1229 919
72 1088 821 1229 919
73 1088 821 1229 919
74 1088 821 1229 919
75 1088 821 1229 919
76 1088 821 1229 919
77 1088 821 1229 919
78 1088 821 1229 919
79 1088 821 1229 919
80 1088 821 1229 919
81 1088 821 1229 919
82 1088 821 1229 919
83 1088 821 1229 919
84 1088 821 1229 919
85 1088 821 1229 919
86 1088 821 1229 919
87 1088 821 1229 919
88 1088 821 1229 919
89 1088 821 1229 919
90 1088 821 1229 919
91 1088 821 1229 919
92 1088 821 1229 919
93 1088 821 1229 919
94 1088 821 1229 919
95 1088 821 1229 919
96 1088 821 1229 919
97 1088 821 1229 919
98 1088 821 1229 919
99 1088 821 1229 919
100 1088 821 1229 919
101 1088 821 1229 919
102 1088 821 1229 919
103 1088 821 1229 919
104 1088 821 1229 919
105 1088 821 1229 919
106 1088 821 1229 919
107 1088 821 1229 919
108 1088 821 1229 919
109 1088 821 1229 919
110 1088 821 1229 919
111 1088 821 1229 919
112 1088 821 1229 919
113 1088 821 1229 919
114 1088 821 1229 919
115 1088 821 1229 919
116 1088 821 1229 919
117 1088 821 1229 919
118 1088 821 1229 919
119 1088 821 1229 919
120 1088 821 1229 919
121 1088 821 1229 919
122 1088 821 1229 919
123 1088 821 1229 919
124 1088 821 1229 919
125 1088 821 1229 919
126 1088 821 1229 919
127 1088 821 1229 919
128 1088 821 1229 919
129 1023 768 1151 857
130 1023 768 1151 857
131 1023 768 1151 857
132 1023 768 1151 857
133 1035 778 1163 867
134 1035 778 1163 867
135 1035 778 1163 867
136 1050 787 1175 874
137 1050 787 1175 874
138 1050 787 1175 874
139 1062 794 1187 881
140 1062 794 1187 881
141 1062 794 1187 881
142 1092 819 1217 906
143 1092 819 1217 906
144 1092 819 1217 906
145 1014 818 1144 909
146 1014 818 1144 909
147 1014 818 1144 909
148 959 777 1089 868
149 959 777 1089 868
150 959 777 1089 868
151 968 733 1098 824
152 968 733 1098 824
153 968 733 1098 824
154 993 757 1123 848
155 993 757 1123 848
156 993 757 1123 848
157 1012 771 1142 862
158 1012 771 1142 862
159 1012 771 1142 862
160 1020 782 1148 871
161 1020 782 1148 871
162 1020 782 1148 871
163 1045 796 1175 887
164 1045 796 1175 887
165 1045 796 1175 887
166 1072 820 1200 909
167 1072 820 1200 909
168 1072 820 1200 909
169 1082 829 1212 920
170 1082 829 1212 920
171 1082 829 1212 920
172 1083 815 1211 904
173 1083 815 1211 904
174 1083 815 1211 904
175 1104 822 1229 909
176 1104 822 1229 909
177 1104 822 1229 909
178 1104 822 1229 909
179 1104 822 1229 909
180 1104 822 1229 909
181 1104 822 1229 909
182 1104 822 1229 909
183 1104 822 1229 909
184 1104 822 1229 909
185 1104 822 1229 909
186 1104 822 1229 909
187 1104 822 1229 909
188 1104 822 1229 909
189 1104 822 1229 909
190 1104 822 1229 909
191 1104 822 1229 909
192 1104 822 1229 909
193 1104 822 1229 909
194 1104 822 1229 909
195 1104 822 1229 909
196 1104 822 1229 909
197 1104 822 1229 909
198 1104 822 1229 909
199 1104 822 1229 909
200 1104 822 1229 909
201 1104 822 1229 909
202 1104 822 1229 909
203 1104 822 1229 909
204 1104 822 1229 909
205 1104 822 1229 909
206 1104 822 1229 909
207 1104 822 1229 909
208 1104 822 1229 909
209 1104 822 1229 909
210 1104 822 1229 909
211 1104 822 1229 909
212 1104 822 1229 909
213 1104 822 1229 909
214 1104 822 1229 909
215 1104 822 1229 909
216 1104 822 1229 909
217 1104 822 1229 909
218 1104 822 1229 909
219 1104 822 1229 909
220 1104 822 1229 909
221 1104 822 1229 909
222 1104 822 1229 909
223 1104 822 1229 909
224 1104 822 1229 909
225 1104 822 1229 909
226 1104 822 1229 909
227 1104 822 1229 909
228 1104 822 1229 909
229 1104 822 1229 909
230 1104 822 1229 909
231 1027 779 1160 872
232 1027 779 1160 872
233 1027 779 1160 872
234 1043 786 1179 881
235 1043 786 1179 881
236 1043 786 1179 881
237 1033 754 1171 850
238 1033 754 1171 850
239 1033 754 1171 850
240 1033 754 1171 850
241 1068 810 1193 897
242 1068 810 1193 897
243 1068 810 1193 897
244 1061 774 1186 861
245 1061 774 1186 861
246 1061 774 1186 861
247 1089 796 1214 883
248 1089 796 1214 883
249 1089 796 1214 883
250 1109 811 1234 898
251 1109 811 1234 898
252 1109 811 1234 898
253 1118 819 1243 906
254 1118 819 1243 906
255 1118 819 1243 906
256 1126 826 1249 912
257 1126 826 1249 912
258 1126 826 1249 912
259 1144 816 1267 902
260 1144 816 1267 902
261 1144 816 1267 902
262 1146 814 1269 900
263 1146 814 1269 900
264 1146 814 1269 900
265 1138 812 1261 898
266 1138 812 1261 898
267 1138 812 1261 898
268 1104 823 1227 909
269 1104 823 1227 909
270 1104 823 1227 909
271 1102 821 1227 908
272 1102 821 1227 908
273 1102 821 1227 908
274 1100 820 1228 909
275 1100 820 1228 909
276 1100 820 1228 909
277 1100 820 1228 909
278 1100 820 1228 909
279 1100 820 1228 909
280 1100 820 1228 909
281 1100 820 1228 909
282 1100 820 1228 909
283 1100 820 1228 909
284 1100 820 1228 909
285 1100 820 1228 909
286 1100 820 1228 909
287 1100 820 1228 909
288 1100 820 1228 909
289 1100 820 1228 909
290 1100 820 1228 909
291 1100 820 1228 909
292 1100 820 1228 909
293 1100 820 1228 909
294 1100 820 1228 909
295 1100 820 1228 909
296 1100 820 1228 909
297 1100 820 1228 909
298 1100 820 1228 909
299 1100 820 1228 909
300 1100 820 1228 909
301 1100 820 1228 909
302 1100 820 1228 909
303 1100 820 1228 909
304 1100 820 1228 909
305 1100 820 1228 909
306 1100 820 1228 909
307 1100 820 1228 909
308 1100 820 1228 909
309 1100 820 1228 909
310 1100 820 1228 909
311 1100 820 1228 909
312 1100 820 1228 909
313 1100 820 1228 909
314 1100 820 1228 909
315 1100 820 1228 909
316 1100 820 1228 909
317 1100 820 1228 909
318 1100 820 1228 909
319 1100 820 1228 909
320 1100 820 1228 909
321 1100 820 1228 909
322 1100 820 1228 909
323 1100 820 1228 909
324 1100 820 1228 909
325 1100 820 1228 909
326 1100 820 1228 909
327 1100 820 1228 909
328 1100 820 1228 909
329 1100 820 1228 909
330 1100 820 1228 909
331 1100 820 1228 909
332 1100 820 1228 909
333 1100 820 1228 909
334 1100 820 1228 909
335 1100 820 1228 909
336 1100 820 1228 909
337 1100 820 1228 909
338 1100 820 1228 909
339 1100 820 1228 909
340 1100 820 1228 909
341 1100 820 1228 909
342 1100 820 1228 909
343 1100 820 1228 909
344 1100 820 1228 909
345 1100 820 1228 909
346 1100 820 1228 909
347 1100 820 1228 909
348 1100 820 1228 909
349 1100 820 1228 909
350 1100 820 1228 909
351 1100 820 1228 909
352 1100 820 1228 909
353 1100 820 1228 909
354 1100 820 1228 909
355 1100 820 1228 909
356 1100 820 1228 909
357 1100 820 1228 909
358 1100 820 1228 909
359 1100 820 1228 909
360 1100 820 1228 909
361 1100 820 1228 909
362 1100 820 1228 909
363 1100 820 1228 909
364 1100 820 1228 909
365 1100 820 1228 909
366 1100 820 1228 909
367 1100 820 1228 909
368 1100 820 1228 909
369 1100 820 1228 909
370 1100 820 1228 909
371 1100 820 1228 909
372 1100 820 1228 909
373 1100 820 1228 909
374 1100 820 1228 909
375 1100 820 1228 909
376 1100 820 1228 909
377 1100 820 1228 909
378 1100 820 1228 909
379 1100 820 1228 909
380 1100 820 1228 909
381 1100 820 1228 909
382 1100 820 1228 909
383 1100 820 1228 909
384 1100 820 1228 909
385 1100 820 1228 909
386 1100 820 1228 909
387 1100 820 1228 909
388 1100 820 1228 909
389 1100 820 1228 909
390 1100 820 1228 909
391 1100 820 1228 909
392 1100 820 1228 909
393 1100 820 1228 909
394 1100 820 1228 909
395 1100 820 1228 909
396 1100 820 1228 909
397 1100 820 1228 909
398 1100 820 1228 909
399 1100 820 1228 909
400 1100 820 1228 909
401 1100 820 1228 909
402 1100 820 1228 909
403 1100 820 1228 909
404 1100 820 1228 909
405 1100 820 1228 909
406 1100 820 1228 909
407 1100 820 1228 909
408 1100 820 1228 909
409 1100 820 1228 909
410 1100 820 1228 909
411 1100 820 1228 909
412 1100 820 1228 909
413 1100 820 1228 909
414 1100 820 1228 909
415 1100 820 1228 909
416 1100 820 1228 909
417 1100 820 1228 909
418 1100 820 1228 909
419 1100 820 1228 909
420 1100 820 1228 909
421 1100 820 1228 909
422 1100 820 1228 909
423 1100 820 1228 909
424 1100 820 1228 909
425 1100 820 1228 909
426 1100 820 1228 909
427 1100 820 1228 909
428 1100 820 1228 909
429 1207 824 1325 906
430 1207 824 1325 906
431 1207 824 1325 906
432 1207 824 1325 906
433 1037 807 1157 891
434 1037 807 1157 891
435 1037 807 1157 891
436 1048 818 1164 899
437 1048 818 1164 899
438 1048 818 1164 899
439 1030 758 1148 840
440 1030 758 1148 840
441 1030 758 1148 840
442 1062 780 1180 862
443 1062 780 1180 862
444 1062 780 1180 862
445 1062 780 1180 862
446 1081 799 1201 883
447 1081 799 1201 883
448 1081 799 1201 883
449 1102 816 1227 903
450 1102 816 1227 903
451 1102 816 1227 903
452 1105 818 1228 904
453 1105 818 1228 904
454 1105 818 1228 904
455 1104 818 1227 904
456 1104 818 1227 904
457 1104 818 1227 904
458 1151 769 1276 856
459 1151 769 1276 856
460 1151 769 1276 856
461 1178 801 1308 892
462 1178 801 1308 892
463 1178 801 1308 892
464 1178 793 1308 884
465 1178 793 1308 884
466 1178 793 1308 884
467 1169 791 1299 882
468 1169 791 1299 882
469 1169 791 1299 882
470 1168 788 1296 877
471 1168 788 1296 877
472 1168 788 1296 877
473 1158 784 1286 873
474 1158 784 1286 873
475 1158 784 1286 873
476 1159 782 1287 871
477 1159 782 1287 871
478 1159 782 1287 871
479 1150 778 1280 869
480 1150 778 1280 869
481 1150 778 1280 869
482 1151 777 1281 868
483 1151 777 1281 868
484 1151 777 1281 868
485 1145 775 1273 864
486 1145 775 1273 864
487 1145 775 1273 864
488 1144 771 1272 860
489 1144 771 1272 860
490 1144 771 1272 860
491 1135 769 1263 858
492 1135 769 1263 858
493 1135 769 1263 858
494 1136 767 1261 854
495 1136 767 1261 854
496 1136 767 1261 854
497 1125 762 1253 851
498 1125 762 1253 851
499 1125 762 1253 851
500 1128 760 1253 847
501 1128 760 1253 847
502 1128 760 1253 847
503 1121 756 1246 843
504 1121 756 1246 843
505 1121 756 1246 843
506 1121 755 1246 842
507 1121 755 1246 842
508 1121 755 1246 842
509 1119 754 1242 840
510 1119 754 1242 840
511 1119 754 1242 840
512 1111 750 1234 836
513 1111 750 1234 836
514 1111 750 1234 836
515 1108 747 1228 831
516 1108 747 1228 831
517 1108 747 1228 831
518 1108 745 1226 827
519 1108 745 1226 827
520 1108 745 1226 827
521 1099 741 1219 825
522 1099 741 1219 825
523 1099 741 1219 825
524 1100 739 1220 823
525 1100 739 1220 823
526 1100 739 1220 823
527 1090 735 1213 821
528 1090 735 1213 821
529 1090 735 1213 821
530 1091 734 1211 818
531 1091 734 1211 818
532 1091 734 1211 818
533 1082 729 1205 815
534 1082 729 1205 815
535 1082 729 1205 815
536 1083 728 1203 812
537 1083 728 1203 812
538 1083 728 1203 812
539 1074 724 1197 810
540 1074 724 1197 810
541 1074 724 1197 810
542 1071 720 1196 807
543 1071 720 1196 807
544 1071 720 1196 807
545 1064 717 1187 803
546 1064 717 1187 803
547 1064 717 1187 803
548 1065 716 1185 800
549 1065 716 1185 800
550 1065 716 1185 800
551 1057 713 1177 797
552 1057 713 1177 797
553 1057 713 1177 797
554 1057 710 1175 792
555 1057 710 1175 792
556 1057 710 1175 792
557 1049 705 1167 787
558 1049 705 1167 787
559 1049 705 1167 787
560 1047 705 1165 787
561 1047 705 1165 787
562 1047 705 1165 787
563 1040 699 1156 780
564 1040 699 1156 780
565 1040 699 1156 780
566 1039 698 1155 779
567 1039 698 1155 779
568 1039 698 1155 779
569 1031 693 1149 775
570 1031 693 1149 775
571 1031 693 1149 775
572 1029 691 1147 773
573 1029 691 1147 773
574 1029 691 1147 773
575 1022 687 1140 769
576 1022 687 1140 769
577 1022 687 1140 769
578 1020 685 1138 767
579 1020 685 1138 767
580 1020 685 1138 767
581 1013 681 1129 762
582 1013 681 1129 762
583 1013 681 1129 762
584 1011 679 1127 760
585 1011 679 1127 760
586 1011 679 1127 760
587 1006 675 1117 753
588 1006 675 1117 753
589 1006 675 1117 753
590 1003 674 1114 752
591 1003 674 1114 752
592 1003 674 1114 752
593 997 670 1106 746
594 997 670 1106 746
595 997 670 1106 746
596 995 668 1104 744
597 995 668 1104 744
598 995 668 1104 744
599 988 662 1097 738
600 988 662 1097 738
601 988 662 1097 738
602 984 660 1093 736
603 984 660 1093 736
604 984 660 1093 736
605 981 658 1090 734
606 981 658 1090 734
607 981 658 1090 734
608 972 653 1083 731
609 972 653 1083 731
610 972 653 1083 731
611 967 649 1076 725
612 967 649 1076 725
613 967 649 1076 725
614 964 648 1073 724
615 964 648 1073 724
616 964 648 1073 724
617 959 644 1068 720
618 959 644 1068 720
619 959 644 1068 720
620 952 640 1061 716
621 952 640 1061 716
622 952 640 1061 716
623 946 635 1055 711
624 946 635 1055 711
625 946 635 1055 711
626 942 634 1051 710
627 942 634 1051 710
628 942 634 1051 710
629 940 633 1047 708
630 940 633 1047 708
631 940 633 1047 708
632 932 626 1041 702
633 932 626 1041 702
634 932 626 1041 702
635 924 623 1033 699
636 924 623 1033 699
637 924 623 1033 699
638 920 620 1029 696
639 920 620 1029 696
640 920 620 1029 696
641 916 618 1025 694
642 916 618 1025 694
643 916 618 1025 694
644 907 614 1016 690
645 907 614 1016 690
646 907 614 1016 690
647 901 611 1008 686
648 901 611 1008 686
649 901 611 1008 686
650 895 608 1002 683
651 895 608 1002 683
652 895 608 1002 683
653 890 607 997 682
654 890 607 997 682
655 890 607 997 682
656 882 603 987 676
657 882 603 987 676
658 882 603 987 676
659 872 599 979 674
660 872 599 979 674
661 872 599 979 674
662 865 598 972 673
663 865 598 972 673
664 865 598 972 673
665 861 597 968 672
666 861 597 968 672
667 861 597 968 672
668 850 592 959 668
669 850 592 959 668
670 850 592 959 668
671 840 591 949 667
672 840 591 949 667
673 840 591 949 667
674 831 586 942 664
675 831 586 942 664
676 831 586 942 664
677 828 585 939 663
678 828 585 939 663
679 828 585 939 663
680 816 582 929 661
681 816 582 929 661
682 816 582 929 661
683 804 576 920 657
684 804 576 920 657
685 804 576 920 657
686 795 575 911 656
687 795 575 911 656
688 795 575 911 656
689 789 573 905 654
690 789 573 905 654
691 789 573 905 654
692 777 571 893 652
693 777 571 893 652
694 777 571 893 652
695 764 569 880 650
696 764 569 880 650
697 764 569 880 650
698 757 566 873 647
699 757 566 873 647
700 757 566 873 647
701 750 565 866 646
702 750 565 866 646
703 750 565 866 646
704 738 562 856 644
705 738 562 856 644
706 738 562 856 644
707 723 558 843 642
708 723 558 843 642
709 723 558 843 642
710 716 557 836 641
711 716 557 836 641
712 716 557 836 641
713 707 554 827 638
714 707 554 827 638
715 707 554 827 638
716 696 553 816 637
717 696 553 816 637
718 696 553 816 637
719 680 549 803 635
720 680 549 803 635
721 680 549 803 635
722 671 547 794 633
723 671 547 794 633
724 671 547 794 633
725 663 545 788 632
726 663 545 788 632
727 663 545 788 632
728 647 543 775 632
729 647 543 775 632
730 647 543 775 632
731 632 541 760 630
732 632 541 760 630
733 632 541 760 630
734 623 539 751 628
735 623 539 751 628
736 623 539 751 628
737 615 538 743 627
738 615 538 743 627
739 615 538 743 627
740 601 537 729 626
741 601 537 729 626
742 601 537 729 626
743 585 534 715 625
744 585 534 715 625
745 585 534 715 625
746 576 532 706 623
747 576 532 706 623
748 576 532 706 623
749 568 531 698 622
750 568 531 698 622
751 568 531 698 622
752 552 530 682 621
753 552 530 682 621
754 552 530 682 621
755 535 528 668 621
756 535 528 668 621
757 535 528 668 621
758 525 526 658 619
759 525 526 658 619
760 525 526 658 619
761 518 526 648 617
762 518 526 648 617
763 518 526 648 617
764 500 525 633 618
765 500 525 633 618
766 500 525 633 618
767 483 523 616 616
768 483 523 616 616
769 483 523 616 616
770 473 522 606 615
771 473 522 606 615
772 473 522 606 615
773 466 522 596 613
774 466 522 596 613
775 466 522 596 613
776 449 521 582 614
777 449 521 582 614
778 449 521 582 614
779 433 520 563 611
780 433 520 563 611
781 433 520 563 611
782 425 520 553 609
783 425 520 553 609
784 425 520 553 609
785 415 520 543 609
786 415 520 543 609
787 415 520 543 609
788 401 519 526 606
789 401 519 526 606
790 401 519 526 606
791 385 513 510 600
792 385 513 510 600
793 385 513 510 600
794 373 512 498 599
795 373 512 498 599
796 373 512 498 599
797 362 512 487 599
798 362 512 487 599
799 362 512 487 599
800 330 523 453 609
801 330 523 453 609
802 330 523 453 609
803 318 521 441 607
804 318 521 441 607
805 318 521 441 607
806 311 519 434 605
807 311 519 434 605
808 311 519 434 605
809 302 520 425 606
810 302 520 425 606
811 302 520 425 606
812 283 520 406 606
813 283 520 406 606
814 283 520 406 606
815 264 519 389 606
816 264 519 389 606
817 264 519 389 606
818 253 518 378 605
819 253 518 378 605
820 253 518 378 605
821 243 518 368 605
822 243 518 368 605
823 243 518 368 605
824 222 517 350 606
825 222 517 350 606
826 222 517 350 606
827 202 518 330 607
828 202 518 330 607
829 202 518 330 607
830 191 518 319 607
831 191 518 319 607
832 191 518 319 607
833 181 517 309 606
834 181 517 309 606
835 181 517 309 606
836 159 519 287 608
837 159 519 287 608
838 159 519 287 608
839 139 519 267 608
840 139 519 267 608
841 139 519 267 608
842 128 519 256 608
843 128 519 256 608
844 128 519 256 608
845 117 519 245 608
846 117 519 245 608
847 117 519 245 608
848 93 521 221 610
849 93 521 221 610
850 93 521 221 610
851 72 522 197 609
852 72 522 197 609
853 72 522 197 609
854 60 522 188 611
855 60 522 188 611
856 60 522 188 611
857 49 522 177 611
858 49 522 177 611
859 49 522 177 611
860 25 523 155 614
861 25 523 155 614
862 25 523 155 614
863 0 523 136 618
864 0 523 136 618
865 0 523 136 618
866 -12 523 124 618
867 -12 523 124 618
868 -12 523 124 618
869 -23 523 113 618
870 -23 523 113 618
871 -23 523 113 618
872 -47 524 86 617
873 -47 524 86 617
874 -47 524 86 617
875 -66 526 67 619
876 -66 526 67 619
877 -66 526 67 619
878 -66 526 67 619
879 -66 526 67 619
880 -66 526 67 619
881 -66 543 67 636
882 -66 543 67 636
883 -66 543 67 636
884 -66 540 67 633
885 -66 540 67 633
886 -66 540 67 633
