935 -1 -1 -1 -1
0 258 305 347 394

1 258 305 347 394
2 258 305 347 394
3 258 305 347 394
4 258 305 347 394
5 258 305 347 394
6 258 305 347 394
7 258 305 347 394
8 258 305 347 394
9 258 305 347 394
10 258 305 347 394
11 258 305 347 394
12 258 305 347 394
13 258 305 347 394
14 258 305 347 394
15 258 305 347 394
16 258 305 347 394
17 258 305 347 394
18 258 305 347 394
19 258 305 347 394
20 258 305 347 394
21 258 305 347 394
22 258 305 347 394
23 258 305 347 394
24 258 305 347 394
25 258 305 347 394
26 258 305 347 394
27 258 305 347 394
28 258 305 347 394
29 258 305 347 394
30 258 305 347 394
31 258 305 347 394
32 258 305 347 394
33 258 305 347 394
34 258 305 347 394
35 258 305 347 394
36 258 305 347 394
37 258 305 347 394
38 258 305 347 394
39 258 305 347 394
40 254 306 341 393
41 254 306 341 393
42 254 306 341 393
43 254 306 341 393
44 254 306 341 393
45 254 306 341 393
46 254 306 341 393
47 254 306 341 393
48 254 306 341 393
49 254 306 341 393
50 254 306 341 393
51 254 306 341 393
52 254 306 341 393
53 254 306 341 393
54 254 306 341 393
55 254 306 341 393
56 254 306 341 393
57 254 306 341 393
58 254 306 341 393
59 254 306 341 393
60 254 306 341 393
61 254 306 341 393
62 254 306 341 393
63 254 306 341 393
64 254 306 341 393
65 254 306 341 393
66 254 306 341 393
67 254 306 341 393
68 254 306 341 393
69 254 306 341 393
70 254 306 341 393
71 254 306 341 393
72 254 306 341 393
73 254 306 341 393
74 254 306 341 393
75 254 306 341 393
76 258 309 340 391
77 258 309 340 391
78 258 309 340 391
79 258 309 340 391
80 258 309 340 391
81 258 309 340 391
82 258 309 340 391
83 258 309 340 391
84 258 309 340 391
85 258 309 340 391
86 258 309 340 391
87 258 309 340 391
88 258 309 340 391
89 258 309 340 391
90 258 309 340 391
91 258 309 340 391
92 258 309 340 391
93 258 309 340 391
94 259 309 341 391
95 259 309 341 391
96 259 309 341 391
97 259 309 341 391
98 259 309 341 391
99 259 309 341 391
100 259 309 341 391
101 259 309 341 391
102 259 309 341 391
103 259 309 341 391
104 259 309 341 391
105 259 309 341 391
106 259 309 341 391
107 259 309 341 391
108 259 309 341 391
109 259 309 341 391
110 259 309 341 391
111 259 309 341 391
112 259 309 341 391
113 259 309 341 391
114 259 309 341 391
115 259 309 341 391
116 259 309 341 391
117 259 309 341 391
118 259 309 341 391
119 259 309 341 391
120 259 309 341 391
121 259 309 341 391
122 259 309 341 391
123 259 309 341 391
124 259 309 341 391
125 259 309 341 391
126 259 309 341 391
127 259 309 341 391
128 259 309 341 391
129 259 309 341 391
130 259 309 341 391
131 259 309 341 391
132 259 309 341 391
133 259 309 341 391
134 259 309 341 391
135 259 309 341 391
136 259 309 341 391
137 259 309 341 391
138 259 309 341 391
139 259 309 341 391
140 259 309 341 391
141 259 309 341 391
142 259 309 341 391
143 259 309 341 391
144 259 309 341 391
145 259 309 341 391
146 259 309 341 391
147 259 309 341 391
148 259 309 341 391
149 259 309 341 391
150 259 309 341 391
151 255 308 341 394
152 255 308 341 394
153 255 308 341 394
154 255 308 341 394
155 255 308 341 394
156 255 308 341 394
157 255 308 341 394
158 255 308 341 394
159 255 308 341 394
160 255 308 341 394
161 255 308 341 394
162 255 308 341 394
163 255 308 341 394
164 255 308 341 394
165 255 308 341 394
166 255 308 341 394
167 255 308 341 394
168 255 308 341 394
169 255 308 341 394
170 255 308 341 394
171 255 308 341 394
172 255 308 341 394
173 255 308 341 394
174 255 308 341 394
175 255 308 341 394
176 255 308 341 394
177 255 308 341 394
178 255 308 341 394
179 255 308 341 394
180 255 308 341 394
181 255 308 341 394
182 255 308 341 394
183 255 308 341 394
184 260 310 339 389
185 260 310 339 389
186 260 310 339 389
187 260 310 339 389
188 260 310 339 389
189 260 310 339 389
190 258 309 342 393
191 258 309 342 393
192 258 309 342 393
193 258 309 342 393
194 258 309 342 393
195 258 309 342 393
196 258 309 342 393
197 258 309 342 393
198 260 312 342 394
199 260 312 342 394
200 260 312 342 394
201 260 312 342 394
202 260 312 342 394
203 260 312 342 394
204 260 312 342 394
205 260 312 342 394
206 260 312 342 394
207 260 312 342 394
208 260 312 342 394
209 260 312 342 394
210 260 312 342 394
211 260 312 342 394
212 260 312 342 394
213 260 312 342 394
214 260 312 342 394
215 260 312 342 394
216 260 312 342 394
217 260 312 342 394
218 260 312 342 394
219 260 312 342 394
220 260 312 342 394
221 260 312 342 394
222 260 312 342 394
223 260 312 342 394
224 260 312 342 394
225 260 312 342 394
226 265 311 347 393
227 265 311 347 393
228 265 311 347 393
229 265 311 347 393
230 265 311 347 393
231 265 311 347 393
232 265 311 347 393
233 265 311 347 393
234 265 311 347 393
235 265 311 347 393
236 265 311 347 393
237 265 311 347 393
238 265 311 347 393
239 265 311 347 393
240 265 311 347 393
241 265 311 347 393
242 265 311 347 393
243 265 311 347 393
244 260 309 344 393
245 260 309 344 393
246 260 309 344 393
247 260 309 344 393
248 260 309 344 393
249 260 309 344 393
250 260 309 344 393
251 260 309 344 393
252 260 309 344 393
253 260 309 344 393
254 260 309 344 393
255 260 309 344 393
256 265 311 349 395
257 265 311 349 395
258 265 311 349 395
259 265 311 349 395
260 265 311 349 395
261 265 311 349 395
262 265 311 349 395
263 265 311 349 395
264 265 311 349 395
265 265 311 349 395
266 270 313 351 394
267 270 313 351 394
268 270 313 351 394
269 270 313 351 394
270 270 313 351 394
271 270 313 351 394
272 270 313 351 394
273 270 313 351 394
274 268 313 350 395
275 268 313 350 395
276 268 313 350 395
277 268 313 350 395
278 268 313 350 395
279 268 313 350 395
280 268 313 350 395
281 268 313 350 395
282 264 314 346 396
283 264 314 346 396
284 264 314 346 396
285 264 314 346 396
286 264 314 346 396
287 264 314 346 396
288 264 314 346 396
289 264 314 346 396
290 265 314 347 396
291 265 314 347 396
292 265 314 347 396
293 265 314 347 396
294 265 314 347 396
295 265 314 347 396
296 264 313 350 399
297 264 313 350 399
298 264 313 350 399
299 264 313 350 399
300 264 313 350 399
301 264 313 350 399
302 272 316 354 398
303 272 316 354 398
304 272 316 354 398
305 272 316 354 398
306 271 316 355 400
307 271 316 355 400
308 271 316 355 400
309 271 319 355 403
310 271 319 355 403
311 271 319 355 403
312 275 315 359 399
313 275 315 359 399
314 275 315 359 399
315 275 317 359 401
316 275 317 359 401
317 275 317 359 401
318 272 317 356 401
319 272 317 356 401
320 272 317 356 401
321 272 317 356 401
322 273 320 355 402
323 273 320 355 402
324 273 320 355 402
325 273 320 355 402
326 270 320 354 404
327 270 320 354 404
328 270 320 354 404
329 272 321 356 405
330 272 321 356 405
331 272 321 356 405
332 272 320 359 407
333 272 320 359 407
334 272 320 359 407
335 272 320 359 407
336 272 320 359 407
337 272 320 359 407
338 273 321 360 408
339 273 321 360 408
340 273 321 360 408
341 274 323 361 410
342 274 323 361 410
343 274 323 361 410
344 277 325 361 409
345 277 325 361 409
346 277 325 361 409
347 283 325 367 409
348 283 325 367 409
349 283 325 367 409
350 277 326 363 412
351 277 326 363 412
352 277 326 363 412
353 283 329 364 410
354 283 329 364 410
355 283 329 364 410
356 280 328 367 415
357 280 328 367 415
358 280 328 367 415
359 280 326 371 417
360 280 326 371 417
361 280 326 371 417
362 280 327 373 420
363 280 327 373 420
364 280 327 373 420
365 281 327 375 421
366 281 327 375 421
367 281 327 375 421
368 284 330 375 421
369 284 330 375 421
370 284 330 375 421
371 284 330 377 423
372 284 330 377 423
373 284 330 377 423
374 285 331 379 425
375 285 331 379 425
376 285 331 379 425
377 285 330 381 426
378 285 330 381 426
379 285 330 381 426
380 287 335 380 428
381 287 335 380 428
382 287 335 380 428
383 289 336 382 429
384 289 336 382 429
385 289 336 382 429
386 292 338 383 429
387 292 338 383 429
388 292 338 383 429
389 296 341 383 428
390 296 341 383 428
391 296 341 383 428
392 294 342 385 433
393 294 342 385 433
394 294 342 385 433
395 295 343 386 434
396 295 343 386 434
397 295 343 386 434
398 298 344 389 435
399 298 344 389 435
400 298 344 389 435
401 300 346 391 437
402 300 346 391 437
403 300 346 391 437
404 299 345 393 439
405 299 345 393 439
406 299 345 393 439
407 301 348 395 442
408 301 348 395 442
409 301 348 395 442
410 305 351 398 444
411 305 351 398 444
412 305 351 398 444
413 305 351 399 445
414 305 351 399 445
415 305 351 399 445
416 307 353 401 447
417 307 353 401 447
418 307 353 401 447
419 309 356 402 449
420 309 356 402 449
421 309 356 402 449
422 309 356 402 449
423 310 356 406 452
424 310 356 406 452
425 310 356 406 452
426 314 360 408 454
427 314 360 408 454
428 314 360 408 454
429 317 363 410 456
430 317 363 410 456
431 317 363 410 456
432 317 363 413 459
433 317 363 413 459
434 317 363 413 459
435 319 366 413 460
436 319 366 413 460
437 319 366 413 460
438 323 371 414 462
439 323 371 414 462
440 323 371 414 462
441 326 374 413 461
442 326 374 413 461
443 326 374 413 461
444 328 377 414 463
445 328 377 414 463
446 328 377 414 463
447 329 380 416 467
448 329 380 416 467
449 329 380 416 467
450 328 379 422 473
451 328 379 422 473
452 328 379 422 473
453 330 378 428 476
454 330 378 428 476
455 330 378 428 476
456 336 382 430 476
457 336 382 430 476
458 336 382 430 476
459 339 388 430 479
460 339 388 430 479
461 339 388 430 479
462 343 392 430 479
463 343 392 430 479
464 343 392 430 479
465 345 393 434 482
466 345 393 434 482
467 345 393 434 482
468 347 394 436 483
469 347 394 436 483
470 347 394 436 483
471 351 399 440 488
472 351 399 440 488
473 351 399 440 488
474 355 404 441 490
475 355 404 441 490
476 355 404 441 490
477 356 405 445 494
478 356 405 445 494
479 356 405 445 494
480 358 405 449 496
481 358 405 449 496
482 358 405 449 496
483 363 411 452 500
484 363 411 452 500
485 363 411 452 500
486 366 414 455 503
487 366 414 455 503
488 366 414 455 503
489 369 418 455 504
490 369 418 455 504
491 369 418 455 504
492 371 421 455 505
493 371 421 455 505
494 371 421 455 505
495 378 427 460 509
496 378 427 460 509
497 378 427 460 509
498 382 431 466 515
499 382 431 466 515
500 382 431 466 515
501 383 433 465 515
502 383 433 465 515
503 383 433 465 515
504 385 437 467 519
505 385 437 467 519
506 385 437 467 519
507 398 441 480 523
508 398 441 480 523
509 398 441 480 523
510 405 445 487 527
511 405 445 487 527
512 405 445 487 527
513 407 446 489 528
514 407 446 489 528
515 407 446 489 528
516 406 447 492 533
517 406 447 492 533
518 406 447 492 533
519 411 452 498 539
520 411 452 498 539
521 411 452 498 539
522 416 459 498 541
523 416 459 498 541
524 416 459 498 541
525 419 464 498 543
526 419 464 498 543
527 419 464 498 543
528 419 466 500 547
529 419 466 500 547
530 419 466 500 547
531 426 471 508 553
532 426 471 508 553
533 426 471 508 553
534 433 476 515 558
535 433 476 515 558
536 433 476 515 558
537 435 478 516 559
538 435 478 516 559
539 435 478 516 559
540 440 483 522 565
541 440 483 522 565
542 440 483 522 565
543 445 489 529 573
544 445 489 529 573
545 445 489 529 573
546 452 494 538 580
547 452 494 538 580
548 452 494 538 580
549 456 499 540 583
550 456 499 540 583
551 456 499 540 583
552 458 502 540 584
553 458 502 540 584
554 458 502 540 584
555 464 510 546 592
556 464 510 546 592
557 464 510 546 592
558 471 516 553 598
559 471 516 553 598
560 471 516 553 598
561 475 519 559 603
562 475 519 559 603
563 475 519 559 603
564 479 522 561 604
565 479 522 561 604
566 479 522 561 604
567 486 531 568 613
568 486 531 568 613
569 486 531 568 613
570 493 539 575 621
571 493 539 575 621
572 493 539 575 621
573 498 544 582 628
574 498 544 582 628
575 498 544 582 628
576 503 549 585 631
577 503 549 585 631
578 503 549 585 631
579 510 556 592 638
580 510 556 592 638
581 510 556 592 638
582 519 566 601 648
583 519 566 601 648
584 519 566 601 648
585 523 571 607 655
586 523 571 607 655
587 523 571 607 655
588 527 576 611 660
589 527 576 611 660
590 527 576 611 660
591 536 584 618 666
592 536 584 618 666
593 536 584 618 666
594 547 596 629 678
595 547 596 629 678
596 547 596 629 678
597 553 601 634 682
598 553 601 634 682
599 553 601 634 682
600 555 605 637 687
601 555 605 637 687
602 555 605 637 687
603 566 615 650 699
604 566 615 650 699
605 566 615 650 699
606 575 625 657 707
607 575 625 657 707
608 575 625 657 707
609 581 631 665 715
610 581 631 665 715
611 581 631 665 715
612 586 635 672 721
613 586 635 672 721
614 586 635 672 721
615 596 645 685 734
616 596 645 685 734
617 596 645 685 734
618 605 654 694 743
619 605 654 694 743
620 605 654 694 743
621 613 661 702 750
622 613 661 702 750
623 613 661 702 750
624 618 667 707 756
625 618 667 707 756
626 618 667 707 756
627 630 679 721 770
628 630 679 721 770
629 630 679 721 770
630 643 692 734 783
631 643 692 734 783
632 643 692 734 783
633 649 698 740 789
634 649 698 740 789
635 649 698 740 789
636 655 704 748 797
637 655 704 748 797
638 655 704 748 797
639 667 717 761 811
640 667 717 761 811
641 667 717 761 811
642 682 732 775 825
643 682 732 775 825
644 682 732 775 825
645 689 738 783 832
646 689 738 783 832
647 689 738 783 832
648 697 745 791 839
649 697 745 791 839
650 697 745 791 839
651 711 760 805 854
652 711 760 805 854
653 711 760 805 854
654 726 776 820 870
655 726 776 820 870
656 726 776 820 870
657 733 783 829 879
658 733 783 829 879
659 733 783 829 879
660 741 791 837 887
661 741 791 837 887
662 741 791 837 887
663 757 806 853 902
664 757 806 853 902
665 757 806 853 902
666 774 824 868 918
667 774 824 868 918
668 774 824 868 918
669 782 830 876 924
670 782 830 876 924
671 782 830 876 924
672 791 833 884 926
673 791 833 884 926
674 791 833 884 926
675 792 797 885 890
676 792 797 885 890
677 792 797 885 890
678 811 813 904 906
679 811 813 904 906
680 811 813 904 906
681 819 821 910 912
682 819 821 910 912
683 819 821 910 912
684 834 829 925 920
685 834 829 925 920
686 834 829 925 920
687 806 807 897 898
688 806 807 897 898
689 806 807 897 898
690 792 798 883 889
691 792 798 883 889
692 792 798 883 889
693 0 0 0 0
694 0 0 0 0
695 0 0 0 0
696 0 0 0 0
697 0 0 0 0
698 0 0 0 0
699 0 0 0 0
700 0 0 0 0
701 0 0 0 0
702 0 0 0 0
703 0 0 0 0
704 0 0 0 0
705 0 0 0 0
706 0 0 0 0
707 0 0 0 0
708 0 0 0 0
709 0 0 0 0
710 0 0 0 0
711 0 0 0 0
712 0 0 0 0
713 0 0 0 0
714 39 -24 130 67
715 39 -24 130 67
716 39 -24 130 67
717 0 0 0 0
718 0 0 0 0
719 0 0 0 0
720 0 0 0 0
721 0 0 0 0
722 0 0 0 0
723 0 0 0 0
724 0 0 0 0
725 0 0 0 0
726 0 0 0 0
727 0 0 0 0
728 0 0 0 0
729 0 0 0 0
730 0 0 0 0
731 0 0 0 0
732 0 0 0 0
733 0 0 0 0
734 0 0 0 0
735 -6 -6 83 83
736 -6 -6 83 83
737 -6 -6 83 83
738 0 0 0 0
739 0 0 0 0
740 0 0 0 0
741 0 0 0 0
742 0 0 0 0
743 0 0 0 0
744 0 0 0 0
745 0 0 0 0
746 0 0 0 0
747 0 0 0 0
748 0 0 0 0
749 0 0 0 0
750 0 0 0 0
751 0 0 0 0
752 0 0 0 0
753 0 0 0 0
754 0 0 0 0
755 0 0 0 0
756 0 0 0 0
757 0 0 0 0
758 0 0 0 0
759 0 0 0 0
760 0 0 0 0
761 0 0 0 0
762 0 0 0 0
763 0 0 0 0
764 0 0 0 0
765 0 0 0 0
766 0 0 0 0
767 0 0 0 0
768 0 0 0 0
769 0 0 0 0
770 0 0 0 0
771 0 0 0 0
772 0 0 0 0
773 0 0 0 0
774 0 0 0 0
775 0 0 0 0
776 0 0 0 0
777 0 0 0 0
778 0 0 0 0
779 0 0 0 0
780 0 0 0 0
781 0 0 0 0
782 0 0 0 0
783 1 -9 90 80
784 1 -9 90 80
785 1 -9 90 80
786 0 0 0 0
787 0 0 0 0
788 0 0 0 0
789 0 0 0 0
790 0 0 0 0
791 0 0 0 0
792 0 0 0 0
793 0 0 0 0
794 0 0 0 0
795 0 0 0 0
796 0 0 0 0
797 0 0 0 0
798 0 0 0 0
799 0 0 0 0
800 0 0 0 0
801 0 0 0 0
802 0 0 0 0
803 0 0 0 0
804 0 0 0 0
805 0 0 0 0
806 0 0 0 0
807 0 0 0 0
808 0 0 0 0
809 0 0 0 0
810 0 0 0 0
811 0 0 0 0
812 0 0 0 0
813 0 0 0 0
814 0 0 0 0
815 0 0 0 0
816 0 0 0 0
817 0 0 0 0
818 0 0 0 0
819 0 0 0 0
820 0 0 0 0
821 0 0 0 0
822 0 0 0 0
823 0 0 0 0
824 0 0 0 0
825 0 0 0 0
826 0 0 0 0
827 0 0 0 0
828 0 0 0 0
829 0 0 0 0
830 0 0 0 0
831 0 0 0 0
832 0 0 0 0
833 0 0 0 0
834 0 0 0 0
835 0 0 0 0
836 0 0 0 0
837 0 0 0 0
838 0 0 0 0
839 0 0 0 0
840 0 0 0 0
841 0 0 0 0
842 0 0 0 0
843 0 0 0 0
844 0 0 0 0
845 0 0 0 0
846 0 0 0 0
847 0 0 0 0
848 0 0 0 0
849 0 0 0 0
850 0 0 0 0
851 0 0 0 0
852 0 0 0 0
853 0 0 0 0
854 0 0 0 0
855 0 0 0 0
856 0 0 0 0
857 0 0 0 0
858 0 0 0 0
859 0 0 0 0
860 0 0 0 0
861 0 0 0 0
862 0 0 0 0
863 0 0 0 0
864 0 0 0 0
865 0 0 0 0
866 0 0 0 0
867 0 0 0 0
868 0 0 0 0
869 0 0 0 0
870 0 0 0 0
871 0 0 0 0
872 0 0 0 0
873 0 0 0 0
874 0 0 0 0
875 0 0 0 0
876 0 0 0 0
877 0 0 0 0
878 0 0 0 0
879 0 0 0 0
880 0 0 0 0
881 0 0 0 0
882 0 0 0 0
883 0 0 0 0
884 0 0 0 0
885 0 0 0 0
886 0 0 0 0
887 0 0 0 0
888 0 0 0 0
889 0 0 0 0
890 0 0 0 0
891 0 0 0 0
892 0 0 0 0
893 0 0 0 0
894 0 0 0 0
895 0 0 0 0
896 0 0 0 0
897 0 0 0 0
898 0 0 0 0
899 0 0 0 0
900 0 0 0 0
901 0 0 0 0
902 0 0 0 0
903 0 0 0 0
904 0 0 0 0
905 0 0 0 0
906 0 0 0 0
907 0 0 0 0
908 0 0 0 0
909 0 0 0 0
910 0 0 0 0
911 0 0 0 0
912 0 0 0 0
913 0 0 0 0
914 0 0 0 0
915 0 0 0 0
916 0 0 0 0
917 0 0 0 0
918 0 0 0 0
919 0 0 0 0
920 0 0 0 0
921 0 0 0 0
922 0 0 0 0
923 0 0 0 0
924 0 0 0 0
925 0 0 0 0
926 0 0 0 0
927 0 0 0 0
928 0 0 0 0
929 0 0 0 0
930 0 0 0 0
931 0 0 0 0
932 0 0 0 0
933 0 0 0 0
934 0 0 0 0
935 0 0 0 0
