1056 -1 -1 -1 -1
0 1601 335 1755 401

1 1601 335 1755 401
2 1601 335 1755 401
3 1601 335 1755 401
4 1601 335 1755 401
5 1601 335 1755 401
6 1601 335 1755 401
7 1601 335 1755 401
8 1601 335 1755 401
9 1601 335 1755 401
10 1601 335 1755 401
11 1601 335 1755 401
12 1601 335 1755 401
13 1601 335 1755 401
14 1601 335 1755 401
15 1601 335 1755 401
16 1601 335 1755 401
17 1601 335 1755 401
18 1601 335 1755 401
19 1601 335 1755 401
20 1601 335 1755 401
21 1601 335 1755 401
22 1601 335 1755 401
23 1601 335 1755 401
24 1601 335 1755 401
25 1601 335 1755 401
26 1601 335 1755 401
27 1601 335 1755 401
28 1601 335 1755 401
29 1601 335 1755 401
30 1601 335 1755 401
31 1601 335 1755 401
32 1601 335 1755 401
33 1601 335 1755 401
34 1601 335 1755 401
35 1601 335 1755 401
36 1601 335 1755 401
37 1601 335 1755 401
38 1601 335 1755 401
39 1601 335 1755 401
40 1601 335 1755 401
41 1601 335 1755 401
42 1601 335 1755 401
43 1601 335 1755 401
44 1601 335 1755 401
45 1601 335 1755 401
46 1601 335 1755 401
47 1601 335 1755 401
48 1601 335 1755 401
49 1601 335 1755 401
50 1601 335 1755 401
51 1601 335 1755 401
52 1601 335 1755 401
53 1601 335 1755 401
54 1601 335 1755 401
55 1601 335 1755 401
56 1601 335 1755 401
57 1601 335 1755 401
58 1601 335 1755 401
59 1601 335 1755 401
60 1601 335 1755 401
61 1601 335 1755 401
62 1601 335 1755 401
63 1601 335 1755 401
64 1601 335 1755 401
65 1601 335 1755 401
66 1601 335 1755 401
67 1601 335 1755 401
68 1601 335 1755 401
69 1601 335 1755 401
70 1601 335 1755 401
71 1601 335 1755 401
72 1601 335 1755 401
73 1601 335 1755 401
74 1601 335 1755 401
75 1601 335 1755 401
76 1601 335 1755 401
77 1601 335 1755 401
78 1601 335 1755 401
79 1601 335 1755 401
80 1601 335 1755 401
81 1601 335 1755 401
82 1601 335 1755 401
83 1601 335 1755 401
84 1601 335 1755 401
85 1601 335 1755 401
86 1601 335 1755 401
87 1601 335 1755 401
88 1601 335 1755 401
89 1601 335 1755 401
90 1601 335 1755 401
91 1601 335 1755 401
92 1601 335 1755 401
93 1601 335 1755 401
94 1601 335 1755 401
95 1601 335 1755 401
96 1601 335 1755 401
97 1601 335 1755 401
98 1601 335 1755 401
99 1601 335 1755 401
100 1601 335 1755 401
101 1601 335 1755 401
102 1601 335 1755 401
103 1601 335 1755 401
104 1601 335 1755 401
105 1601 335 1755 401
106 1601 335 1755 401
107 1601 335 1755 401
108 1601 335 1755 401
109 1601 335 1755 401
110 1601 335 1755 401
111 1601 335 1755 401
112 1601 335 1755 401
113 1601 335 1755 401
114 1601 335 1755 401
115 1601 335 1755 401
116 1601 335 1755 401
117 1601 335 1755 401
118 1601 335 1755 401
119 1601 335 1755 401
120 1601 335 1755 401
121 1601 335 1755 401
122 1601 335 1755 401
123 1601 335 1755 401
124 1601 335 1755 401
125 1601 335 1755 401
126 1601 335 1755 401
127 1601 335 1755 401
128 1601 335 1755 401
129 1601 335 1755 401
130 1601 335 1755 401
131 1601 335 1755 401
132 1601 335 1755 401
133 1601 335 1755 401
134 1601 335 1755 401
135 1601 335 1755 401
136 1601 335 1755 401
137 1601 335 1755 401
138 1601 335 1755 401
139 1601 335 1755 401
140 1601 335 1755 401
141 1601 335 1755 401
142 1601 335 1755 401
143 1601 335 1755 401
144 1601 335 1755 401
145 1601 335 1755 401
146 1601 335 1755 401
147 1601 335 1755 401
148 1594 332 1764 405
149 1594 332 1764 405
150 1594 332 1764 405
151 1594 332 1764 405
152 1594 332 1764 405
153 1594 332 1764 405
154 1594 332 1764 405
155 1594 332 1764 405
156 1594 332 1764 405
157 1594 332 1764 405
158 1594 332 1764 405
159 1594 332 1764 405
160 1594 332 1764 405
161 1594 332 1764 405
162 1593 335 1760 406
163 1593 335 1760 406
164 1593 335 1760 406
165 1593 335 1760 406
166 1593 335 1760 406
167 1593 335 1760 406
168 1593 335 1760 406
169 1593 335 1760 406
170 1593 335 1760 406
171 1593 335 1760 406
172 1592 335 1759 406
173 1592 335 1759 406
174 1592 335 1759 406
175 1592 335 1759 406
176 1592 335 1759 406
177 1592 335 1759 406
178 1592 335 1759 406
179 1592 335 1759 406
180 1590 335 1757 406
181 1590 335 1757 406
182 1590 335 1757 406
183 1590 335 1757 406
184 1590 335 1757 406
185 1590 335 1757 406
186 1589 336 1752 406
187 1589 336 1752 406
188 1589 336 1752 406
189 1589 336 1752 406
190 1589 336 1752 406
191 1589 336 1752 406
192 1588 337 1745 404
193 1588 337 1745 404
194 1588 337 1745 404
195 1588 337 1745 404
196 1586 336 1746 405
197 1586 336 1746 405
198 1586 336 1746 405
199 1586 336 1746 405
200 1584 336 1747 406
201 1584 336 1747 406
202 1584 336 1747 406
203 1584 336 1747 406
204 1584 336 1747 406
205 1584 336 1747 406
206 1580 336 1750 409
207 1580 336 1750 409
208 1580 336 1750 409
209 1580 336 1750 409
210 1577 336 1747 409
211 1577 336 1747 409
212 1577 336 1747 409
213 1577 336 1747 409
214 1577 336 1747 409
215 1577 336 1747 409
216 1577 336 1747 409
217 1577 336 1747 409
218 1575 337 1742 408
219 1575 337 1742 408
220 1575 337 1742 408
221 1575 337 1742 408
222 1572 337 1742 410
223 1572 337 1742 410
224 1572 337 1742 410
225 1572 337 1742 410
226 1572 337 1742 410
227 1572 337 1742 410
228 1571 336 1741 409
229 1571 336 1741 409
230 1571 336 1741 409
231 1571 336 1741 409
232 1569 336 1736 407
233 1569 336 1736 407
234 1569 336 1736 407
235 1567 338 1734 409
236 1567 338 1734 409
237 1567 338 1734 409
238 1567 338 1734 409
239 1567 338 1734 409
240 1566 339 1729 409
241 1566 339 1729 409
242 1566 339 1729 409
243 1566 339 1729 409
244 1566 339 1729 409
245 1566 339 1729 409
246 1563 339 1726 409
247 1563 339 1726 409
248 1563 339 1726 409
249 1563 339 1726 409
250 1563 339 1726 409
251 1563 339 1726 409
252 1560 340 1723 410
253 1560 340 1723 410
254 1560 340 1723 410
255 1560 340 1723 410
256 1560 340 1723 410
257 1560 340 1723 410
258 1556 340 1719 410
259 1556 340 1719 410
260 1556 340 1719 410
261 1556 340 1719 410
262 1556 340 1719 410
263 1556 340 1719 410
264 1553 339 1716 409
265 1553 339 1716 409
266 1553 339 1716 409
267 1553 339 1716 409
268 1552 341 1715 411
269 1552 341 1715 411
270 1552 341 1715 411
271 1549 340 1716 411
272 1549 340 1716 411
273 1549 340 1716 411
274 1549 340 1716 411
275 1549 340 1716 411
276 1549 341 1709 410
277 1549 341 1709 410
278 1549 341 1709 410
279 1549 341 1709 410
280 1546 341 1706 410
281 1546 341 1706 410
282 1546 341 1706 410
283 1542 344 1705 414
284 1542 344 1705 414
285 1542 344 1705 414
286 1542 344 1705 414
287 1542 344 1705 414
288 1535 342 1708 416
289 1535 342 1708 416
290 1535 342 1708 416
291 1535 342 1708 416
292 1533 342 1703 415
293 1533 342 1703 415
294 1533 342 1703 415
295 1530 343 1700 416
296 1530 343 1700 416
297 1530 343 1700 416
298 1530 343 1700 416
299 1530 343 1700 416
300 1486 373 1656 446
301 1486 373 1656 446
302 1486 373 1656 446
303 1486 373 1656 446
304 1521 342 1694 416
305 1521 342 1694 416
306 1521 342 1694 416
307 1520 343 1690 416
308 1520 343 1690 416
309 1520 343 1690 416
310 1520 343 1690 416
311 1520 343 1690 416
312 1520 344 1683 414
313 1520 344 1683 414
314 1520 344 1683 414
315 1520 344 1683 414
316 1521 348 1678 415
317 1521 348 1678 415
318 1521 348 1678 415
319 1516 345 1679 415
320 1516 345 1679 415
321 1516 345 1679 415
322 1516 345 1679 415
323 1516 345 1679 415
324 1517 346 1677 415
325 1517 346 1677 415
326 1517 346 1677 415
327 1517 346 1677 415
328 1516 346 1673 413
329 1516 346 1673 413
330 1516 346 1673 413
331 1515 346 1672 413
332 1515 346 1672 413
333 1515 346 1672 413
334 1515 346 1672 413
335 1515 346 1672 413
336 1516 348 1664 411
337 1516 348 1664 411
338 1516 348 1664 411
339 1516 348 1664 411
340 1504 348 1652 411
341 1504 348 1652 411
342 1504 348 1652 411
343 1510 349 1658 412
344 1510 349 1658 412
345 1510 349 1658 412
346 1494 348 1645 413
347 1494 348 1645 413
348 1494 348 1645 413
349 1494 346 1648 412
350 1494 346 1648 412
351 1494 346 1648 412
352 1493 347 1650 414
353 1493 347 1650 414
354 1493 347 1650 414
355 1505 349 1665 418
356 1505 349 1665 418
357 1505 349 1665 418
358 1505 349 1665 418
359 1505 349 1665 418
360 1495 349 1652 416
361 1495 349 1652 416
362 1495 349 1652 416
363 1495 349 1652 416
364 1494 349 1648 415
365 1494 349 1648 415
366 1494 349 1648 415
367 1494 349 1648 415
368 1494 349 1648 415
369 1494 349 1648 415
370 1494 348 1645 413
371 1494 348 1645 413
372 1494 348 1645 413
373 1494 348 1645 413
374 1493 349 1641 412
375 1493 349 1641 412
376 1493 349 1641 412
377 1493 349 1641 412
378 1491 349 1639 412
379 1491 349 1639 412
380 1491 349 1639 412
381 1491 349 1639 412
382 1491 349 1639 412
383 1491 349 1639 412
384 1478 350 1626 413
385 1478 350 1626 413
386 1478 350 1626 413
387 1472 352 1620 415
388 1472 352 1620 415
389 1472 352 1620 415
390 1475 351 1623 414
391 1475 351 1623 414
392 1475 351 1623 414
393 1475 351 1623 414
394 1475 351 1623 414
395 1475 351 1623 414
396 1467 348 1618 413
397 1467 348 1618 413
398 1467 348 1618 413
399 1506 396 1657 461
400 1506 396 1657 461
401 1506 396 1657 461
402 1472 351 1623 416
403 1472 351 1623 416
404 1472 351 1623 416
405 1472 351 1623 416
406 1472 351 1623 416
407 1472 351 1623 416
408 1494 388 1645 453
409 1494 388 1645 453
410 1494 388 1645 453
411 1504 405 1655 470
412 1504 405 1655 470
413 1504 405 1655 470
414 1464 352 1618 418
415 1464 352 1618 418
416 1464 352 1618 418
417 1464 352 1618 418
418 1464 352 1618 418
419 1464 352 1618 418
420 1452 349 1609 416
421 1452 349 1609 416
422 1452 349 1609 416
423 1505 407 1662 474
424 1505 407 1662 474
425 1505 407 1662 474
426 1509 400 1663 466
427 1509 400 1663 466
428 1509 400 1663 466
429 1509 400 1663 466
430 1439 350 1596 417
431 1439 350 1596 417
432 1439 350 1596 417
433 1438 418 1595 485
434 1438 418 1595 485
435 1438 418 1595 485
436 1504 399 1661 466
437 1504 399 1661 466
438 1504 399 1661 466
439 1505 402 1662 469
440 1505 402 1662 469
441 1505 402 1662 469
442 1504 402 1661 469
443 1504 402 1661 469
444 1504 402 1661 469
445 1502 403 1659 470
446 1502 403 1659 470
447 1502 403 1659 470
448 1502 405 1659 472
449 1502 405 1659 472
450 1502 405 1659 472
451 1481 413 1638 480
452 1481 413 1638 480
453 1481 413 1638 480
454 1482 417 1636 483
455 1482 417 1636 483
456 1482 417 1636 483
457 1479 414 1630 479
458 1479 414 1630 479
459 1479 414 1630 479
460 1501 400 1652 465
461 1501 400 1652 465
462 1501 400 1652 465
463 1500 402 1654 468
464 1500 402 1654 468
465 1500 402 1654 468
466 1485 411 1639 477
467 1485 411 1639 477
468 1485 411 1639 477
469 1480 407 1634 473
470 1480 407 1634 473
471 1480 407 1634 473
472 1491 405 1648 472
473 1491 405 1648 472
474 1491 405 1648 472
475 1501 403 1658 470
476 1501 403 1658 470
477 1501 403 1658 470
478 1493 400 1653 469
479 1493 400 1653 469
480 1493 400 1653 469
481 1494 400 1657 470
482 1494 400 1657 470
483 1494 400 1657 470
484 1496 410 1656 479
485 1496 410 1656 479
486 1496 410 1656 479
487 1460 395 1620 464
488 1460 395 1620 464
489 1460 395 1620 464
490 1497 412 1657 481
491 1497 412 1657 481
492 1497 412 1657 481
493 1478 401 1638 470
494 1478 401 1638 470
495 1478 401 1638 470
496 1496 399 1659 469
497 1496 399 1659 469
498 1496 399 1659 469
499 1499 400 1662 470
500 1499 400 1662 470
501 1499 400 1662 470
502 1503 400 1666 470
503 1503 400 1666 470
504 1503 400 1666 470
505 1503 398 1666 468
506 1503 398 1666 468
507 1503 398 1666 468
508 1503 395 1663 464
509 1503 395 1663 464
510 1503 395 1663 464
511 1502 398 1662 467
512 1502 398 1662 467
513 1502 398 1662 467
514 1500 391 1663 461
515 1500 391 1663 461
516 1500 391 1663 461
517 1457 382 1620 452
518 1457 382 1620 452
519 1457 382 1620 452
520 1501 400 1661 469
521 1501 400 1661 469
522 1501 400 1661 469
523 1502 398 1662 467
524 1502 398 1662 467
525 1502 398 1662 467
526 1502 399 1662 468
527 1502 399 1662 468
528 1502 399 1662 468
529 1502 400 1662 469
530 1502 400 1662 469
531 1502 400 1662 469
532 1502 396 1659 463
533 1502 396 1659 463
534 1502 396 1659 463
535 1501 398 1658 465
536 1501 398 1658 465
537 1501 398 1658 465
538 1502 401 1659 468
539 1502 401 1659 468
540 1502 401 1659 468
541 1503 401 1660 468
542 1503 401 1660 468
543 1503 401 1660 468
544 1521 399 1678 466
545 1521 399 1678 466
546 1521 399 1678 466
547 1479 404 1636 471
548 1479 404 1636 471
549 1479 404 1636 471
550 1480 404 1637 471
551 1480 404 1637 471
552 1480 404 1637 471
553 1475 406 1632 473
554 1475 406 1632 473
555 1475 406 1632 473
556 1478 407 1635 474
557 1478 407 1635 474
558 1478 407 1635 474
559 1476 398 1633 465
560 1476 398 1633 465
561 1476 398 1633 465
562 1477 407 1631 473
563 1477 407 1631 473
564 1477 407 1631 473
565 1477 407 1631 473
566 1477 399 1631 465
567 1477 399 1631 465
568 1477 399 1631 465
569 1477 399 1631 465
570 1474 371 1628 437
571 1474 371 1628 437
572 1474 371 1628 437
573 1474 371 1628 437
574 1474 371 1628 437
575 1474 371 1628 437
576 1472 372 1623 437
577 1472 372 1623 437
578 1472 372 1623 437
579 1472 372 1623 437
580 1472 372 1623 437
581 1472 372 1623 437
582 1472 375 1623 440
583 1472 375 1623 440
584 1472 375 1623 440
585 1472 375 1623 440
586 1472 375 1623 440
587 1472 375 1623 440
588 1507 440 1655 503
589 1507 440 1655 503
590 1507 440 1655 503
591 1507 440 1655 503
592 1507 440 1655 503
593 1507 440 1655 503
594 1507 440 1655 503
595 1507 440 1655 503
596 1507 440 1655 503
597 1507 440 1655 503
598 1507 440 1655 503
599 1507 440 1655 503
600 1501 396 1643 457
601 1501 396 1643 457
602 1501 396 1643 457
603 1501 396 1643 457
604 1482 399 1621 459
605 1482 399 1621 459
606 1482 399 1621 459
607 1496 397 1635 457
608 1496 397 1635 457
609 1496 397 1635 457
610 1493 393 1632 453
611 1493 393 1632 453
612 1493 393 1632 453
613 1489 393 1628 453
614 1489 393 1628 453
615 1489 393 1628 453
616 1489 395 1628 455
617 1489 395 1628 455
618 1489 395 1628 455
619 1495 395 1632 454
620 1495 395 1632 454
621 1495 395 1632 454
622 1504 397 1638 454
623 1504 397 1638 454
624 1504 397 1638 454
625 1503 399 1637 456
626 1503 399 1637 456
627 1503 399 1637 456
628 1504 399 1635 455
629 1504 399 1635 455
630 1504 399 1635 455
631 1502 398 1633 454
632 1502 398 1633 454
633 1502 398 1633 454
634 1502 397 1631 452
635 1502 397 1631 452
636 1502 397 1631 452
637 1504 400 1630 454
638 1504 400 1630 454
639 1504 400 1630 454
640 1505 399 1631 453
641 1505 399 1631 453
642 1505 399 1631 453
643 1505 398 1634 453
644 1505 398 1634 453
645 1505 398 1634 453
646 1509 397 1635 451
647 1509 397 1635 451
648 1509 397 1635 451
649 1510 404 1636 458
650 1510 404 1636 458
651 1510 404 1636 458
652 1512 404 1638 458
653 1512 404 1638 458
654 1512 404 1638 458
655 1511 402 1635 455
656 1511 402 1635 455
657 1511 402 1635 455
658 1566 387 1690 440
659 1566 387 1690 440
660 1566 387 1690 440
661 1602 388 1726 441
662 1602 388 1726 441
663 1602 388 1726 441
664 1625 385 1746 437
665 1625 385 1746 437
666 1625 385 1746 437
667 1644 383 1765 435
668 1644 383 1765 435
669 1644 383 1765 435
670 1655 382 1776 434
671 1655 382 1776 434
672 1655 382 1776 434
673 1675 379 1796 431
674 1675 379 1796 431
675 1675 379 1796 431
676 1685 378 1806 430
677 1685 378 1806 430
678 1685 378 1806 430
679 1705 375 1826 427
680 1705 375 1826 427
681 1705 375 1826 427
682 1715 375 1836 427
683 1715 375 1836 427
684 1715 375 1836 427
685 1726 373 1847 425
686 1726 373 1847 425
687 1726 373 1847 425
688 1745 370 1866 422
689 1745 370 1866 422
690 1745 370 1866 422
691 1765 369 1886 421
692 1765 369 1886 421
693 1765 369 1886 421
694 1775 367 1896 419
695 1775 367 1896 419
696 1775 367 1896 419
697 1786 366 1907 418
698 1786 366 1907 418
699 1786 366 1907 418
700 1805 364 1926 416
701 1805 364 1926 416
702 1805 364 1926 416
703 1824 362 1945 414
704 1824 362 1945 414
705 1824 362 1945 414
706 1833 360 1957 413
707 1833 360 1957 413
708 1833 360 1957 413
709 1843 358 1967 411
710 1843 358 1967 411
711 1843 358 1967 411
712 1857 357 1981 410
713 1857 357 1981 410
714 1857 357 1981 410
715 1857 353 1981 406
716 1857 353 1981 406
717 1857 353 1981 406
718 1857 347 1981 400
719 1857 347 1981 400
720 1857 347 1981 400
721 1857 367 1981 420
722 1857 367 1981 420
723 1857 367 1981 420
724 1857 367 1981 420
725 1857 367 1981 420
726 1857 367 1981 420
727 1857 367 1981 420
728 1857 367 1981 420
729 1857 367 1981 420
730 1857 367 1981 420
731 1857 367 1981 420
732 1857 367 1981 420
733 1857 367 1981 420
734 1857 367 1981 420
735 1857 367 1981 420
736 1857 367 1981 420
737 1857 367 1981 420
738 1857 367 1981 420
739 1857 367 1981 420
740 1857 367 1981 420
741 1857 367 1981 420
742 1857 367 1981 420
743 1857 367 1981 420
744 1857 367 1981 420
745 1857 367 1981 420
746 1857 367 1981 420
747 1857 367 1981 420
748 1857 367 1981 420
749 1857 367 1981 420
750 1857 367 1981 420
751 1857 367 1981 420
752 1857 367 1981 420
753 1857 367 1981 420
754 1857 367 1981 420
755 1857 367 1981 420
756 1857 367 1981 420
757 1857 367 1981 420
758 1857 367 1981 420
759 1857 367 1981 420
760 1857 367 1981 420
761 1857 367 1981 420
762 1857 367 1981 420
763 1857 367 1981 420
764 1857 367 1981 420
765 1857 367 1981 420
766 1857 367 1981 420
767 1857 367 1981 420
768 1857 367 1981 420
769 1857 367 1981 420
770 1857 367 1981 420
771 1857 367 1981 420
772 1857 367 1981 420
773 1857 367 1981 420
774 1857 367 1981 420
775 1857 367 1981 420
776 1857 367 1981 420
777 1857 367 1981 420
778 1857 367 1981 420
779 1857 367 1981 420
780 1857 367 1981 420
781 1857 367 1981 420
782 1857 367 1981 420
783 1857 367 1981 420
784 1857 367 1981 420
785 1857 367 1981 420
786 1857 367 1981 420
787 1857 367 1981 420
788 1857 367 1981 420
789 1857 367 1981 420
790 1857 367 1981 420
791 1857 367 1981 420
792 1857 367 1981 420
793 1857 367 1981 420
794 1857 367 1981 420
795 1857 367 1981 420
796 1857 367 1981 420
797 1857 367 1981 420
798 1857 367 1981 420
799 1857 367 1981 420
800 1857 367 1981 420
801 1857 367 1981 420
802 1857 367 1981 420
803 1857 367 1981 420
804 1857 367 1981 420
805 1857 367 1981 420
806 1857 367 1981 420
807 1857 367 1981 420
808 1857 367 1981 420
809 1857 367 1981 420
810 1857 367 1981 420
811 1857 367 1981 420
812 1857 367 1981 420
813 1857 367 1981 420
814 1857 367 1981 420
815 1857 367 1981 420
816 1857 367 1981 420
817 1857 367 1981 420
818 1857 367 1981 420
819 1857 367 1981 420
820 1857 367 1981 420
821 1857 367 1981 420
822 1857 367 1981 420
823 1857 367 1981 420
824 1857 367 1981 420
825 1857 367 1981 420
826 1857 367 1981 420
827 1857 367 1981 420
828 1857 367 1981 420
829 1857 367 1981 420
830 1857 367 1981 420
831 1857 367 1981 420
832 1857 367 1981 420
833 1857 367 1981 420
834 1857 367 1981 420
835 1857 367 1981 420
836 1857 367 1981 420
837 1857 367 1981 420
838 1857 367 1981 420
839 1857 367 1981 420
840 1857 367 1981 420
841 1857 367 1981 420
842 1857 367 1981 420
843 1857 367 1981 420
844 1857 367 1981 420
845 1857 367 1981 420
846 1857 367 1981 420
847 1857 367 1981 420
848 1857 367 1981 420
849 1857 367 1981 420
850 1857 367 1981 420
851 1857 367 1981 420
852 1857 367 1981 420
853 1857 367 1981 420
854 1857 367 1981 420
855 1857 367 1981 420
856 1857 367 1981 420
857 1857 367 1981 420
858 1857 367 1981 420
859 1857 367 1981 420
860 1857 367 1981 420
861 1857 367 1981 420
862 1857 367 1981 420
863 1857 367 1981 420
864 1857 367 1981 420
865 1857 367 1981 420
866 1857 367 1981 420
867 1857 367 1981 420
868 1857 367 1981 420
869 1857 367 1981 420
870 1857 367 1981 420
871 1857 367 1981 420
872 1857 367 1981 420
873 1857 367 1981 420
874 1857 367 1981 420
875 1857 367 1981 420
876 1857 367 1981 420
877 1857 367 1981 420
878 1857 367 1981 420
879 1857 367 1981 420
880 1857 367 1981 420
881 1857 367 1981 420
882 1857 367 1981 420
883 1857 367 1981 420
884 1857 367 1981 420
885 1857 367 1981 420
886 1857 367 1981 420
887 1857 367 1981 420
888 1857 367 1981 420
889 1857 367 1981 420
890 1857 367 1981 420
891 1857 367 1981 420
892 1857 367 1981 420
893 1857 367 1981 420
894 1857 367 1981 420
895 1857 367 1981 420
896 1857 367 1981 420
897 1857 367 1981 420
898 1857 367 1981 420
899 1857 367 1981 420
900 1857 367 1981 420
901 1857 367 1981 420
902 1857 367 1981 420
903 1857 367 1981 420
904 1857 367 1981 420
905 1857 367 1981 420
906 1857 367 1981 420
907 1857 367 1981 420
908 1857 367 1981 420
909 1857 367 1981 420
910 1857 367 1981 420
911 1857 367 1981 420
912 1857 367 1981 420
913 1857 367 1981 420
914 1857 367 1981 420
915 1857 367 1981 420
916 1857 367 1981 420
917 1857 367 1981 420
918 1857 367 1981 420
919 1857 367 1981 420
920 1857 367 1981 420
921 1857 367 1981 420
922 1857 367 1981 420
923 1857 367 1981 420
924 1857 367 1981 420
925 1857 367 1981 420
926 1857 367 1981 420
927 1857 367 1981 420
928 1857 367 1981 420
929 1857 367 1981 420
930 1857 367 1981 420
931 1857 367 1981 420
932 1857 367 1981 420
933 1857 367 1981 420
934 1857 367 1981 420
935 1857 367 1981 420
936 1857 367 1981 420
937 1857 367 1981 420
938 1857 367 1981 420
939 1857 367 1981 420
940 1857 367 1981 420
941 1857 367 1981 420
942 1857 367 1981 420
943 1857 367 1981 420
944 1857 367 1981 420
945 1857 367 1981 420
946 1857 367 1981 420
947 1857 367 1981 420
948 1857 367 1981 420
949 1857 367 1981 420
950 1857 367 1981 420
951 1857 367 1981 420
952 1857 367 1981 420
953 1857 367 1981 420
954 1857 367 1981 420
955 1857 367 1981 420
956 1857 367 1981 420
957 1857 367 1981 420
958 1857 367 1981 420
959 1857 367 1981 420
960 1857 367 1981 420
961 1857 367 1981 420
962 1857 367 1981 420
963 1857 367 1981 420
964 1857 367 1981 420
965 1857 367 1981 420
966 1857 367 1981 420
967 1857 367 1981 420
968 1857 367 1981 420
969 1857 367 1981 420
970 1857 367 1981 420
971 1857 367 1981 420
972 1857 367 1981 420
973 1857 367 1981 420
974 1857 367 1981 420
975 1857 367 1981 420
976 1857 367 1981 420
977 1857 367 1981 420
978 1857 367 1981 420
979 1857 367 1981 420
980 1857 367 1981 420
981 1857 367 1981 420
982 1857 367 1981 420
983 1857 367 1981 420
984 1857 367 1981 420
985 1857 367 1981 420
986 1857 367 1981 420
987 1857 367 1981 420
988 1857 367 1981 420
989 1857 367 1981 420
990 1857 367 1981 420
991 1857 367 1981 420
992 1857 367 1981 420
993 1857 367 1981 420
994 1857 367 1981 420
995 1857 367 1981 420
996 1857 367 1981 420
997 1857 367 1981 420
998 1857 367 1981 420
999 1857 367 1981 420
1000 1857 367 1981 420
1001 1857 367 1981 420
1002 1857 367 1981 420
1003 1857 367 1981 420
1004 1857 367 1981 420
1005 1857 367 1981 420
1006 1857 367 1981 420
1007 1857 367 1981 420
1008 1857 367 1981 420
1009 1857 367 1981 420
1010 1857 367 1981 420
1011 1857 367 1981 420
1012 1857 367 1981 420
1013 1857 367 1981 420
1014 1857 367 1981 420
1015 1857 367 1981 420
1016 1857 367 1981 420
1017 1857 367 1981 420
1018 1857 367 1981 420
1019 1857 367 1981 420
1020 1857 367 1981 420
1021 1857 367 1981 420
1022 1857 367 1981 420
1023 1857 367 1981 420
1024 1857 367 1981 420
1025 1857 367 1981 420
1026 1857 367 1981 420
1027 1857 367 1981 420
1028 1857 367 1981 420
1029 1857 367 1981 420
1030 1857 367 1981 420
1031 1857 367 1981 420
1032 1857 367 1981 420
1033 1857 367 1981 420
1034 1857 367 1981 420
1035 1857 367 1981 420
1036 1857 367 1981 420
1037 1857 367 1981 420
1038 1857 367 1981 420
1039 1857 367 1981 420
1040 1857 367 1981 420
1041 1857 367 1981 420
1042 1857 367 1981 420
1043 1857 367 1981 420
1044 1857 367 1981 420
1045 1857 367 1981 420
1046 1857 367 1981 420
1047 1857 367 1981 420
1048 1857 367 1981 420
1049 1857 367 1981 420
1050 1857 367 1981 420
1051 1857 367 1981 420
1052 1857 367 1981 420
1053 1857 367 1981 420
1054 1857 367 1981 420
1055 1857 367 1981 420
1056 1857 367 1981 420
