1446 -1 -1 -1 -1
0 1763 271 1911 334

1 1763 271 1911 334
2 1763 271 1911 334
3 1763 271 1911 334
4 1755 275 1897 336
5 1755 275 1897 336
6 1755 275 1897 336
7 1755 275 1897 336
8 1746 275 1885 334
9 1746 275 1885 334
10 1746 275 1885 334
11 1742 278 1876 335
12 1742 278 1876 335
13 1742 278 1876 335
14 1732 278 1866 335
15 1732 278 1866 335
16 1732 278 1866 335
17 1728 280 1857 335
18 1728 280 1857 335
19 1728 280 1857 335
20 1719 281 1845 335
21 1719 281 1845 335
22 1719 281 1845 335
23 1714 282 1838 335
24 1714 282 1838 335
25 1714 282 1838 335
26 1705 283 1829 336
27 1705 283 1829 336
28 1705 283 1829 336
29 1699 284 1823 337
30 1699 284 1823 337
31 1699 284 1823 337
32 1690 284 1814 337
33 1690 284 1814 337
34 1690 284 1814 337
35 1684 285 1808 338
36 1684 285 1808 338
37 1684 285 1808 338
38 1675 286 1799 339
39 1675 286 1799 339
40 1675 286 1799 339
41 1670 287 1794 340
42 1670 287 1794 340
43 1670 287 1794 340
44 1663 288 1784 340
45 1663 288 1784 340
46 1663 288 1784 340
47 1655 288 1779 341
48 1655 288 1779 341
49 1655 288 1779 341
50 1647 289 1771 342
51 1647 289 1771 342
52 1647 289 1771 342
53 1642 289 1766 342
54 1642 289 1766 342
55 1642 289 1766 342
56 1632 290 1758 344
57 1632 290 1758 344
58 1632 290 1758 344
59 1628 291 1752 344
60 1628 291 1752 344
61 1628 291 1752 344
62 1618 291 1744 345
63 1618 291 1744 345
64 1618 291 1744 345
65 1615 292 1739 345
66 1615 292 1739 345
67 1615 292 1739 345
68 1604 292 1730 346
69 1604 292 1730 346
70 1604 292 1730 346
71 1601 293 1725 346
72 1601 293 1725 346
73 1601 293 1725 346
74 1591 293 1717 347
75 1591 293 1717 347
76 1591 293 1717 347
77 1586 294 1712 348
78 1586 294 1712 348
79 1586 294 1712 348
80 1577 295 1703 349
81 1577 295 1703 349
82 1577 295 1703 349
83 1571 295 1700 350
84 1571 295 1700 350
85 1571 295 1700 350
86 1562 294 1693 350
87 1562 294 1693 350
88 1562 294 1693 350
89 1558 295 1689 351
90 1558 295 1689 351
91 1558 295 1689 351
92 1548 296 1682 353
93 1548 296 1682 353
94 1548 296 1682 353
95 1542 297 1676 354
96 1542 297 1676 354
97 1542 297 1676 354
98 1534 297 1671 355
99 1534 297 1671 355
100 1534 297 1671 355
101 1534 299 1665 355
102 1534 299 1665 355
103 1534 299 1665 355
104 1522 300 1653 356
105 1522 300 1653 356
106 1522 300 1653 356
107 1516 301 1645 356
108 1516 301 1645 356
109 1516 301 1645 356
110 1510 301 1641 357
111 1510 301 1641 357
112 1510 301 1641 357
113 1507 302 1636 357
114 1507 302 1636 357
115 1507 302 1636 357
116 1496 304 1625 359
117 1496 304 1625 359
118 1496 304 1625 359
119 1491 303 1620 358
120 1491 303 1620 358
121 1491 303 1620 358
122 1482 304 1613 360
123 1482 304 1613 360
124 1482 304 1613 360
125 1477 304 1611 361
126 1477 304 1611 361
127 1477 304 1611 361
128 1470 304 1604 361
129 1470 304 1604 361
130 1470 304 1604 361
131 1464 305 1598 362
132 1464 305 1598 362
133 1464 305 1598 362
134 1458 307 1589 363
135 1458 307 1589 363
136 1458 307 1589 363
137 1454 308 1585 364
138 1454 308 1585 364
139 1454 308 1585 364
140 1445 308 1579 365
141 1445 308 1579 365
142 1445 308 1579 365
143 1442 309 1571 364
144 1442 309 1571 364
145 1442 309 1571 364
146 1436 310 1562 364
147 1436 310 1562 364
148 1436 310 1562 364
149 1431 311 1557 365
150 1431 311 1557 365
151 1431 311 1557 365
152 1424 311 1550 365
153 1424 311 1550 365
154 1424 311 1550 365
155 1419 312 1545 366
156 1419 312 1545 366
157 1419 312 1545 366
158 1411 312 1540 367
159 1411 312 1540 367
160 1411 312 1540 367
161 1407 313 1533 367
162 1407 313 1533 367
163 1407 313 1533 367
164 1400 314 1526 368
165 1400 314 1526 368
166 1400 314 1526 368
167 1396 314 1522 368
168 1396 314 1522 368
169 1396 314 1522 368
170 1389 315 1515 369
171 1389 315 1515 369
172 1389 315 1515 369
173 1386 315 1512 369
174 1386 315 1512 369
175 1386 315 1512 369
176 1378 315 1504 369
177 1378 315 1504 369
178 1378 315 1504 369
179 1374 316 1500 370
180 1374 316 1500 370
181 1374 316 1500 370
182 1368 316 1494 370
183 1368 316 1494 370
184 1368 316 1494 370
185 1363 316 1492 371
186 1363 316 1492 371
187 1363 316 1492 371
188 1357 317 1483 371
189 1357 317 1483 371
190 1357 317 1483 371
191 1349 317 1478 372
192 1349 317 1478 372
193 1349 317 1478 372
194 1346 319 1472 373
195 1346 319 1472 373
196 1346 319 1472 373
197 1343 319 1469 373
198 1343 319 1469 373
199 1343 319 1469 373
200 1336 319 1465 374
201 1336 319 1465 374
202 1336 319 1465 374
203 1329 319 1458 374
204 1329 319 1458 374
205 1329 319 1458 374
206 1326 320 1455 375
207 1326 320 1455 375
208 1326 320 1455 375
209 1323 321 1449 375
210 1323 321 1449 375
211 1323 321 1449 375
212 1318 321 1444 375
213 1318 321 1444 375
214 1318 321 1444 375
215 1314 321 1443 376
216 1314 321 1443 376
217 1314 321 1443 376
218 1307 321 1436 376
219 1307 321 1436 376
220 1307 321 1436 376
221 1304 321 1435 377
222 1304 321 1435 377
223 1304 321 1435 377
224 1297 322 1431 379
225 1297 322 1431 379
226 1297 322 1431 379
227 1294 322 1428 379
228 1294 322 1428 379
229 1294 322 1428 379
230 1288 322 1422 379
231 1288 322 1422 379
232 1288 322 1422 379
233 1285 322 1422 380
234 1285 322 1422 380
235 1285 322 1422 380
236 1280 323 1417 381
237 1280 323 1417 381
238 1280 323 1417 381
239 1278 324 1415 382
240 1278 324 1415 382
241 1278 324 1415 382
242 1272 323 1411 382
243 1272 323 1411 382
244 1272 323 1411 382
245 1269 323 1408 382
246 1269 323 1408 382
247 1269 323 1408 382
248 1265 323 1402 381
249 1265 323 1402 381
250 1265 323 1402 381
251 1263 326 1400 384
252 1263 326 1400 384
253 1263 326 1400 384
254 1258 325 1395 383
255 1258 325 1395 383
256 1258 325 1395 383
257 1256 325 1393 383
258 1256 325 1393 383
259 1256 325 1393 383
260 1252 325 1389 383
261 1252 325 1389 383
262 1252 325 1389 383
263 1247 326 1384 384
264 1247 326 1384 384
265 1247 326 1384 384
266 1245 327 1382 385
267 1245 327 1382 385
268 1245 327 1382 385
269 1244 327 1381 385
270 1244 327 1381 385
271 1244 327 1381 385
272 1240 327 1377 385
273 1240 327 1377 385
274 1240 327 1377 385
275 1237 327 1374 385
276 1237 327 1374 385
277 1237 327 1374 385
278 1235 327 1372 385
279 1235 327 1372 385
280 1235 327 1372 385
281 1232 328 1369 386
282 1232 328 1369 386
283 1232 328 1369 386
284 1230 328 1367 386
285 1230 328 1367 386
286 1230 328 1367 386
287 1227 328 1364 386
288 1227 328 1364 386
289 1227 328 1364 386
290 1225 330 1359 387
291 1225 330 1359 387
292 1225 330 1359 387
293 1223 329 1357 386
294 1223 329 1357 386
295 1223 329 1357 386
296 1220 328 1357 386
297 1220 328 1357 386
298 1220 328 1357 386
299 1218 328 1355 386
300 1218 328 1355 386
301 1218 328 1355 386
302 1216 329 1353 387
303 1216 329 1353 387
304 1216 329 1353 387
305 1215 330 1352 388
306 1215 330 1352 388
307 1215 330 1352 388
308 1212 330 1346 387
309 1212 330 1346 387
310 1212 330 1346 387
311 1210 329 1344 386
312 1210 329 1344 386
313 1210 329 1344 386
314 1208 329 1342 386
315 1208 329 1342 386
316 1208 329 1342 386
317 1207 330 1341 387
318 1207 330 1341 387
319 1207 330 1341 387
320 1203 330 1337 387
321 1203 330 1337 387
322 1203 330 1337 387
323 1202 331 1336 388
324 1202 331 1336 388
325 1202 331 1336 388
326 1199 330 1333 387
327 1199 330 1333 387
328 1199 330 1333 387
329 1196 331 1330 388
330 1196 331 1330 388
331 1196 331 1330 388
332 1194 331 1328 388
333 1194 331 1328 388
334 1194 331 1328 388
335 1193 332 1327 389
336 1193 332 1327 389
337 1193 332 1327 389
338 1190 331 1324 388
339 1190 331 1324 388
340 1190 331 1324 388
341 1187 332 1321 389
342 1187 332 1321 389
343 1187 332 1321 389
344 1184 331 1318 388
345 1184 331 1318 388
346 1184 331 1318 388
347 1183 331 1317 388
348 1183 331 1317 388
349 1183 331 1317 388
350 1179 332 1313 389
351 1179 332 1313 389
352 1179 332 1313 389
353 1177 333 1311 390
354 1177 333 1311 390
355 1177 333 1311 390
356 1174 332 1311 390
357 1174 332 1311 390
358 1174 332 1311 390
359 1173 333 1310 391
360 1173 333 1310 391
361 1173 333 1310 391
362 1170 333 1307 391
363 1170 333 1307 391
364 1170 333 1307 391
365 1168 335 1305 393
366 1168 335 1305 393
367 1168 335 1305 393
368 1165 334 1302 392
369 1165 334 1302 392
370 1165 334 1302 392
371 1164 335 1301 393
372 1164 335 1301 393
373 1164 335 1301 393
374 1160 333 1299 392
375 1160 333 1299 392
376 1160 333 1299 392
377 1155 335 1294 394
378 1155 335 1294 394
379 1155 335 1294 394
380 1154 333 1293 392
381 1154 333 1293 392
382 1154 333 1293 392
383 1151 335 1290 394
384 1151 335 1290 394
385 1151 335 1290 394
386 1149 334 1288 393
387 1149 334 1288 393
388 1149 334 1288 393
389 1143 335 1282 394
390 1143 335 1282 394
391 1143 335 1282 394
392 1143 334 1282 393
393 1143 334 1282 393
394 1143 334 1282 393
395 1141 335 1280 394
396 1141 335 1280 394
397 1141 335 1280 394
398 1138 335 1275 393
399 1138 335 1275 393
400 1138 335 1275 393
401 1138 336 1275 394
402 1138 336 1275 394
403 1138 336 1275 394
404 1133 335 1272 394
405 1133 335 1272 394
406 1133 335 1272 394
407 1132 336 1271 395
408 1132 336 1271 395
409 1132 336 1271 395
410 1128 335 1267 394
411 1128 335 1267 394
412 1128 335 1267 394
413 1125 336 1264 395
414 1125 336 1264 395
415 1125 336 1264 395
416 1123 335 1262 394
417 1123 335 1262 394
418 1123 335 1262 394
419 1122 337 1261 396
420 1122 337 1261 396
421 1122 337 1261 396
422 1116 336 1258 397
423 1116 336 1258 397
424 1116 336 1258 397
425 1115 337 1254 396
426 1115 337 1254 396
427 1115 337 1254 396
428 1111 336 1253 397
429 1111 336 1253 397
430 1111 336 1253 397
431 1108 337 1250 398
432 1108 337 1250 398
433 1108 337 1250 398
434 1105 337 1247 398
435 1105 337 1247 398
436 1105 337 1247 398
437 1103 337 1245 398
438 1103 337 1245 398
439 1103 337 1245 398
440 1100 337 1242 398
441 1100 337 1242 398
442 1100 337 1242 398
443 1096 338 1238 399
444 1096 338 1238 399
445 1096 338 1238 399
446 1094 337 1236 398
447 1094 337 1236 398
448 1094 337 1236 398
449 1092 338 1234 399
450 1092 338 1234 399
451 1092 338 1234 399
452 1089 337 1231 398
453 1089 337 1231 398
454 1089 337 1231 398
455 1086 337 1228 398
456 1086 337 1228 398
457 1086 337 1228 398
458 1083 338 1225 399
459 1083 338 1225 399
460 1083 338 1225 399
461 1080 339 1222 400
462 1080 339 1222 400
463 1080 339 1222 400
464 1075 338 1217 399
465 1075 338 1217 399
466 1075 338 1217 399
467 1074 339 1216 400
468 1074 339 1216 400
469 1074 339 1216 400
470 1070 338 1212 399
471 1070 338 1212 399
472 1070 338 1212 399
473 1067 339 1209 400
474 1067 339 1209 400
475 1067 339 1209 400
476 1061 338 1206 400
477 1061 338 1206 400
478 1061 338 1206 400
479 1060 339 1205 401
480 1060 339 1205 401
481 1060 339 1205 401
482 1055 339 1200 401
483 1055 339 1200 401
484 1055 339 1200 401
485 1053 340 1198 402
486 1053 340 1198 402
487 1053 340 1198 402
488 1048 339 1193 401
489 1048 339 1193 401
490 1048 339 1193 401
491 1046 339 1191 401
492 1046 339 1191 401
493 1046 339 1191 401
494 1041 339 1186 401
495 1041 339 1186 401
496 1041 339 1186 401
497 1038 340 1183 402
498 1038 340 1183 402
499 1038 340 1183 402
500 1034 340 1179 402
501 1034 340 1179 402
502 1034 340 1179 402
503 1030 340 1175 402
504 1030 340 1175 402
505 1030 340 1175 402
506 1026 340 1171 402
507 1026 340 1171 402
508 1026 340 1171 402
509 1022 339 1167 401
510 1022 339 1167 401
511 1022 339 1167 401
512 1017 340 1162 402
513 1017 340 1162 402
514 1017 340 1162 402
515 1014 341 1156 402
516 1014 341 1156 402
517 1014 341 1156 402
518 1008 340 1150 401
519 1008 340 1150 401
520 1008 340 1150 401
521 1005 341 1144 400
522 1005 341 1144 400
523 1005 341 1144 400
524 999 341 1138 400
525 999 341 1138 400
526 999 341 1138 400
527 997 341 1136 400
528 997 341 1136 400
529 997 341 1136 400
530 992 341 1131 400
531 992 341 1131 400
532 992 341 1131 400
533 987 341 1126 400
534 987 341 1126 400
535 987 341 1126 400
536 981 341 1120 400
537 981 341 1120 400
538 981 341 1120 400
539 977 341 1116 400
540 977 341 1116 400
541 977 341 1116 400
542 972 341 1111 400
543 972 341 1111 400
544 972 341 1111 400
545 970 341 1109 400
546 970 341 1109 400
547 970 341 1109 400
548 963 341 1102 400
549 963 341 1102 400
550 963 341 1102 400
551 961 341 1100 400
552 961 341 1100 400
553 961 341 1100 400
554 954 342 1093 401
555 954 342 1093 401
556 954 342 1093 401
557 949 343 1088 402
558 949 343 1088 402
559 949 343 1088 402
560 942 342 1081 401
561 942 342 1081 401
562 942 342 1081 401
563 938 341 1077 400
564 938 341 1077 400
565 938 341 1077 400
566 933 339 1072 398
567 933 339 1072 398
568 933 339 1072 398
569 932 340 1071 399
570 932 340 1071 399
571 932 340 1071 399
572 926 338 1065 397
573 926 338 1065 397
574 926 338 1065 397
575 922 336 1061 395
576 922 336 1061 395
577 922 336 1061 395
578 914 336 1053 395
579 914 336 1053 395
580 914 336 1053 395
581 911 336 1050 395
582 911 336 1050 395
583 911 336 1050 395
584 898 338 1037 397
585 898 338 1037 397
586 898 338 1037 397
587 892 339 1031 398
588 892 339 1031 398
589 892 339 1031 398
590 886 339 1025 398
591 886 339 1025 398
592 886 339 1025 398
593 881 338 1020 397
594 881 338 1020 397
595 881 338 1020 397
596 875 338 1014 397
597 875 338 1014 397
598 875 338 1014 397
599 870 337 1009 396
600 870 337 1009 396
601 870 337 1009 396
602 864 337 1003 396
603 864 337 1003 396
604 864 337 1003 396
605 858 337 997 396
606 858 337 997 396
607 858 337 997 396
608 852 335 991 394
609 852 335 991 394
610 852 335 991 394
611 846 335 985 394
612 846 335 985 394
613 846 335 985 394
614 842 335 981 394
615 842 335 981 394
616 842 335 981 394
617 836 334 975 393
618 836 334 975 393
619 836 334 975 393
620 829 333 971 394
621 829 333 971 394
622 829 333 971 394
623 826 333 965 392
624 826 333 965 392
625 826 333 965 392
626 819 333 958 392
627 819 333 958 392
628 819 333 958 392
629 815 332 954 391
630 815 332 954 391
631 815 332 954 391
632 809 331 948 390
633 809 331 948 390
634 809 331 948 390
635 803 331 942 390
636 803 331 942 390
637 803 331 942 390
638 798 330 937 389
639 798 330 937 389
640 798 330 937 389
641 792 329 931 388
642 792 329 931 388
643 792 329 931 388
644 785 327 924 386
645 785 327 924 386
646 785 327 924 386
647 782 326 921 385
648 782 326 921 385
649 782 326 921 385
650 776 326 915 385
651 776 326 915 385
652 776 326 915 385
653 773 324 912 383
654 773 324 912 383
655 773 324 912 383
656 765 324 907 385
657 765 324 907 385
658 765 324 907 385
659 761 323 900 382
660 761 323 900 382
661 761 323 900 382
662 755 322 894 381
663 755 322 894 381
664 755 322 894 381
665 751 322 890 381
666 751 322 890 381
667 751 322 890 381
668 745 321 882 379
669 745 321 882 379
670 745 321 882 379
671 742 320 879 378
672 742 320 879 378
673 742 320 879 378
674 737 319 874 377
675 737 319 874 377
676 737 319 874 377
677 731 318 868 376
678 731 318 868 376
679 731 318 868 376
680 727 317 864 375
681 727 317 864 375
682 727 317 864 375
683 724 316 861 374
684 724 316 861 374
685 724 316 861 374
686 718 314 855 372
687 718 314 855 372
688 718 314 855 372
689 716 313 853 371
690 716 313 853 371
691 716 313 853 371
692 708 312 845 370
693 708 312 845 370
694 708 312 845 370
695 706 311 843 369
696 706 311 843 369
697 706 311 843 369
698 699 310 836 368
699 699 310 836 368
700 699 310 836 368
701 698 309 835 367
702 698 309 835 367
703 698 309 835 367
704 692 307 829 365
705 692 307 829 365
706 692 307 829 365
707 689 306 826 364
708 689 306 826 364
709 689 306 826 364
710 683 304 820 362
711 683 304 820 362
712 683 304 820 362
713 679 303 816 361
714 679 303 816 361
715 679 303 816 361
716 675 302 809 359
717 675 302 809 359
718 675 302 809 359
719 673 301 804 357
720 673 301 804 357
721 673 301 804 357
722 668 301 799 357
723 668 301 799 357
724 668 301 799 357
725 666 299 797 355
726 666 299 797 355
727 666 299 797 355
728 659 298 790 354
729 659 298 790 354
730 659 298 790 354
731 657 296 788 352
732 657 296 788 352
733 657 296 788 352
734 652 295 783 351
735 652 295 783 351
736 652 295 783 351
737 650 295 779 350
738 650 295 779 350
739 650 295 779 350
740 645 293 774 348
741 645 293 774 348
742 645 293 774 348
743 643 291 769 345
744 643 291 769 345
745 643 291 769 345
746 638 290 764 344
747 638 290 764 344
748 638 290 764 344
749 635 290 759 343
750 635 290 759 343
751 635 290 759 343
752 630 288 754 341
753 630 288 754 341
754 630 288 754 341
755 627 286 753 340
756 627 286 753 340
757 627 286 753 340
758 622 285 746 338
759 622 285 746 338
760 622 285 746 338
761 620 284 741 336
762 620 284 741 336
763 620 284 741 336
764 615 282 736 334
765 615 282 736 334
766 615 282 736 334
767 612 282 731 333
768 612 282 731 333
769 612 282 731 333
770 608 280 727 331
771 608 280 727 331
772 608 280 727 331
773 605 278 722 328
774 605 278 722 328
775 605 278 722 328
776 601 276 718 326
777 601 276 718 326
778 601 276 718 326
779 598 276 712 325
780 598 276 712 325
781 598 276 712 325
782 593 274 710 324
783 593 274 710 324
784 593 274 710 324
785 590 274 704 323
786 590 274 704 323
787 590 274 704 323
788 585 271 702 321
789 585 271 702 321
790 585 271 702 321
791 582 270 696 319
792 582 270 696 319
793 582 270 696 319
794 577 268 694 318
795 577 268 694 318
796 577 268 694 318
797 574 267 688 316
798 574 267 688 316
799 574 267 688 316
800 569 265 683 314
801 569 265 683 314
802 569 265 683 314
803 567 264 681 313
804 567 264 681 313
805 567 264 681 313
806 563 262 675 310
807 563 262 675 310
808 563 262 675 310
809 559 261 673 310
810 559 261 673 310
811 559 261 673 310
812 554 259 668 308
813 554 259 668 308
814 554 259 668 308
815 551 258 663 306
816 551 258 663 306
817 551 258 663 306
818 548 257 658 304
819 548 257 658 304
820 548 257 658 304
821 546 255 656 302
822 546 255 656 302
823 546 255 656 302
824 541 252 649 298
825 541 252 649 298
826 541 252 649 298
827 538 251 646 297
828 538 251 646 297
829 538 251 646 297
830 534 250 640 295
831 534 250 640 295
832 534 250 640 295
833 533 249 637 293
834 533 249 637 293
835 533 249 637 293
836 528 247 630 290
837 528 247 630 290
838 528 247 630 290
839 526 246 628 289
840 526 246 628 289
841 526 246 628 289
842 521 244 621 286
843 521 244 621 286
844 521 244 621 286
845 519 242 619 284
846 519 242 619 284
847 519 242 619 284
848 514 239 612 281
849 514 239 612 281
850 514 239 612 281
851 513 239 609 280
852 513 239 609 280
853 513 239 609 280
854 509 236 603 276
855 509 236 603 276
856 509 236 603 276
857 507 236 601 276
858 507 236 601 276
859 507 236 601 276
860 503 233 595 272
861 503 233 595 272
862 503 233 595 272
863 502 233 592 271
864 502 233 592 271
865 502 233 592 271
866 498 231 588 269
867 498 231 588 269
868 498 231 588 269
869 494 229 584 267
870 494 229 584 267
871 494 229 584 267
872 491 228 579 266
873 491 228 579 266
874 491 228 579 266
875 488 227 576 265
876 488 227 576 265
877 488 227 576 265
878 483 223 571 261
879 483 223 571 261
880 483 223 571 261
881 481 222 569 260
882 481 222 569 260
883 481 222 569 260
884 476 219 564 257
885 476 219 564 257
886 476 219 564 257
887 474 218 562 256
888 474 218 562 256
889 474 218 562 256
890 470 216 558 254
891 470 216 558 254
892 470 216 558 254
893 467 215 555 253
894 467 215 555 253
895 467 215 555 253
896 463 212 550 249
897 463 212 550 249
898 463 212 550 249
899 461 212 548 249
900 461 212 548 249
901 461 212 548 249
902 457 208 544 245
903 457 208 544 245
904 457 208 544 245
905 455 208 542 245
906 455 208 542 245
907 455 208 542 245
908 450 205 537 242
909 450 205 537 242
910 450 205 537 242
911 448 205 535 242
912 448 205 535 242
913 448 205 535 242
914 443 201 530 238
915 443 201 530 238
916 443 201 530 238
917 442 200 529 237
918 442 200 529 237
919 442 200 529 237
920 436 198 523 235
921 436 198 523 235
922 436 198 523 235
923 436 197 523 234
924 436 197 523 234
925 436 197 523 234
926 429 194 516 231
927 429 194 516 231
928 429 194 516 231
929 429 193 516 230
930 429 193 516 230
931 429 193 516 230
932 424 190 511 227
933 424 190 511 227
934 424 190 511 227
935 422 190 509 227
936 422 190 509 227
937 422 190 509 227
938 417 186 504 223
939 417 186 504 223
940 417 186 504 223
941 417 187 504 224
942 417 187 504 224
943 417 187 504 224
944 411 183 498 220
945 411 183 498 220
946 411 183 498 220
947 411 183 498 220
948 411 183 498 220
949 411 183 498 220
950 405 181 490 217
951 405 181 490 217
952 405 181 490 217
953 405 180 490 216
954 405 180 490 216
955 405 180 490 216
956 401 177 484 212
957 401 177 484 212
958 401 177 484 212
959 436 184 519 219
960 436 184 519 219
961 436 184 519 219
962 396 175 479 210
963 396 175 479 210
964 396 175 479 210
965 395 174 478 209
966 395 174 478 209
967 395 174 478 209
968 387 170 470 205
969 387 170 470 205
970 387 170 470 205
971 386 170 471 206
972 386 170 471 206
973 386 170 471 206
974 380 167 465 203
975 380 167 465 203
976 380 167 465 203
977 381 166 466 202
978 381 166 466 202
979 381 166 466 202
980 374 162 459 198
981 374 162 459 198
982 374 162 459 198
983 373 162 458 198
984 373 162 458 198
985 373 162 458 198
986 369 160 454 196
987 369 160 454 196
988 369 160 454 196
989 368 160 453 196
990 368 160 453 196
991 368 160 453 196
992 361 157 448 194
993 361 157 448 194
994 361 157 448 194
995 361 156 448 193
996 361 156 448 193
997 361 156 448 193
998 355 153 442 190
999 355 153 442 190
1000 355 153 442 190
1001 354 152 441 189
1002 354 152 441 189
1003 354 152 441 189
1004 349 149 436 186
1005 349 149 436 186
1006 349 149 436 186
1007 347 149 434 186
1008 347 149 434 186
1009 347 149 434 186
1010 343 146 430 183
1011 343 146 430 183
1012 343 146 430 183
1013 343 145 428 181
1014 343 145 428 181
1015 343 145 428 181
1016 339 143 424 179
1017 339 143 424 179
1018 339 143 424 179
1019 338 143 423 179
1020 338 143 423 179
1021 338 143 423 179
1022 334 141 419 177
1023 334 141 419 177
1024 334 141 419 177
1025 331 139 416 175
1026 331 139 416 175
1027 331 139 416 175
1028 326 137 411 173
1029 326 137 411 173
1030 326 137 411 173
1031 325 137 410 173
1032 325 137 410 173
1033 325 137 410 173
1034 321 133 406 169
1035 321 133 406 169
1036 321 133 406 169
1037 320 133 405 169
1038 320 133 405 169
1039 320 133 405 169
1040 315 131 400 167
1041 315 131 400 167
1042 315 131 400 167
1043 314 130 399 166
1044 314 130 399 166
1045 314 130 399 166
1046 310 128 395 164
1047 310 128 395 164
1048 310 128 395 164
1049 309 127 394 163
1050 309 127 394 163
1051 309 127 394 163
1052 303 124 388 160
1053 303 124 388 160
1054 303 124 388 160
1055 303 123 388 159
1056 303 123 388 159
1057 303 123 388 159
1058 299 121 382 156
1059 299 121 382 156
1060 299 121 382 156
1061 345 122 428 157
1062 345 122 428 157
1063 345 122 428 157
1064 293 118 376 153
1065 293 118 376 153
1066 293 118 376 153
1067 292 118 375 153
1068 292 118 375 153
1069 292 118 375 153
1070 287 116 370 151
1071 287 116 370 151
1072 287 116 370 151
1073 286 115 369 150
1074 286 115 369 150
1075 286 115 369 150
1076 282 112 365 147
1077 282 112 365 147
1078 282 112 365 147
1079 282 111 365 146
1080 282 111 365 146
1081 282 111 365 146
1082 278 109 361 144
1083 278 109 361 144
1084 278 109 361 144
1085 276 108 359 143
1086 276 108 359 143
1087 276 108 359 143
1088 272 107 355 142
1089 272 107 355 142
1090 272 107 355 142
1091 270 106 353 141
1092 270 106 353 141
1093 270 106 353 141
1094 265 104 348 139
1095 265 104 348 139
1096 265 104 348 139
1097 311 102 394 137
1098 311 102 394 137
1099 311 102 394 137
1100 262 101 345 136
1101 262 101 345 136
1102 262 101 345 136
1103 262 100 345 135
1104 262 100 345 135
1105 262 100 345 135
1106 257 99 340 134
1107 257 99 340 134
1108 257 99 340 134
1109 256 97 339 132
1110 256 97 339 132
1111 256 97 339 132
1112 252 96 335 131
1113 252 96 335 131
1114 252 96 335 131
1115 296 96 378 131
1116 296 96 378 131
1117 296 96 378 131
1118 247 93 329 128
1119 247 93 329 128
1120 247 93 329 128
1121 287 93 369 128
1122 287 93 369 128
1123 287 93 369 128
1124 241 89 323 124
1125 241 89 323 124
1126 241 89 323 124
1127 240 89 322 124
1128 240 89 322 124
1129 240 89 322 124
1130 237 87 319 122
1131 237 87 319 122
1132 237 87 319 122
1133 280 88 360 122
1134 280 88 360 122
1135 280 88 360 122
1136 233 84 313 118
1137 233 84 313 118
1138 233 84 313 118
1139 274 85 354 119
1140 274 85 354 119
1141 274 85 354 119
1142 228 82 308 116
1143 228 82 308 116
1144 228 82 308 116
1145 269 83 349 117
1146 269 83 349 117
1147 269 83 349 117
1148 224 79 304 113
1149 224 79 304 113
1150 224 79 304 113
1151 264 80 344 114
1152 264 80 344 114
1153 264 80 344 114
1154 220 76 300 110
1155 220 76 300 110
1156 220 76 300 110
1157 258 78 338 112
1158 258 78 338 112
1159 258 78 338 112
1160 215 73 295 107
1161 215 73 295 107
1162 215 73 295 107
1163 254 75 334 109
1164 254 75 334 109
1165 254 75 334 109
1166 211 71 291 105
1167 211 71 291 105
1168 211 71 291 105
1169 211 71 291 105
1170 211 71 291 105
1171 211 71 291 105
1172 207 70 287 104
1173 207 70 287 104
1174 207 70 287 104
1175 207 70 287 104
1176 204 68 283 101
1177 204 68 283 101
1178 204 68 283 101
1179 204 68 283 101
1180 202 67 281 100
1181 202 67 281 100
1182 202 67 281 100
1183 202 67 281 100
1184 198 64 277 97
1185 198 64 277 97
1186 198 64 277 97
1187 198 64 277 97
1188 196 63 275 96
1189 196 63 275 96
1190 196 63 275 96
1191 233 64 312 97
1192 233 64 312 97
1193 233 64 312 97
1194 232 64 311 97
1195 232 64 311 97
1196 232 64 311 97
1197 191 60 270 93
1198 191 60 270 93
1199 191 60 270 93
1200 189 59 268 92
1201 189 59 268 92
1202 189 59 268 92
1203 224 59 303 92
1204 224 59 303 92
1205 224 59 303 92
1206 224 59 303 92
1207 224 59 303 92
1208 182 55 259 88
1209 182 55 259 88
1210 182 55 259 88
1211 220 56 297 89
1212 220 56 297 89
1213 220 56 297 89
1214 179 53 256 86
1215 179 53 256 86
1216 179 53 256 86
1217 216 54 293 87
1218 216 54 293 87
1219 216 54 293 87
1220 175 51 252 84
1221 175 51 252 84
1222 175 51 252 84
1223 175 51 252 84
1224 173 50 250 83
1225 173 50 250 83
1226 173 50 250 83
1227 173 50 250 83
1228 172 48 249 81
1229 172 48 249 81
1230 172 48 249 81
1231 172 48 249 81
1232 168 47 245 80
1233 168 47 245 80
1234 168 47 245 80
1235 168 47 245 80
1236 167 46 244 79
1237 167 46 244 79
1238 167 46 244 79
1239 167 46 244 79
1240 164 45 241 78
1241 164 45 241 78
1242 164 45 241 78
1243 164 45 241 78
1244 161 43 238 76
1245 161 43 238 76
1246 161 43 238 76
1247 161 43 238 76
1248 159 41 236 74
1249 159 41 236 74
1250 159 41 236 74
1251 159 41 236 74
1252 157 40 234 73
1253 157 40 234 73
1254 157 40 234 73
1255 157 40 234 73
1256 155 39 232 72
1257 155 39 232 72
1258 155 39 232 72
1259 189 39 264 71
1260 189 39 264 71
1261 189 39 264 71
1262 189 38 263 70
1263 189 38 263 70
1264 189 38 263 70
1265 189 38 263 70
1266 189 38 263 70
1267 189 38 263 70
1268 148 35 223 67
1269 148 35 223 67
1270 148 35 223 67
1271 148 35 223 67
1272 146 34 221 66
1273 146 34 221 66
1274 146 34 221 66
1275 180 34 255 66
1276 180 34 255 66
1277 180 34 255 66
1278 180 34 255 66
1279 180 34 255 66
1280 142 31 217 63
1281 142 31 217 63
1282 142 31 217 63
1283 142 31 217 63
1284 141 31 216 63
1285 141 31 216 63
1286 141 31 216 63
1287 141 31 216 63
1288 138 29 213 61
1289 138 29 213 61
1290 138 29 213 61
1291 138 29 213 61
1292 135 27 210 59
1293 135 27 210 59
1294 135 27 210 59
1295 135 27 210 59
1296 134 26 209 58
1297 134 26 209 58
1298 134 26 209 58
1299 134 26 209 58
1300 132 25 206 57
1301 132 25 206 57
1302 132 25 206 57
1303 132 25 206 57
1304 131 24 205 56
1305 131 24 205 56
1306 131 24 205 56
1307 131 24 205 56
1308 129 23 203 55
1309 129 23 203 55
1310 129 23 203 55
1311 129 23 203 55
1312 127 21 201 53
1313 127 21 201 53
1314 127 21 201 53
1315 127 21 201 53
1316 125 19 199 51
1317 125 19 199 51
1318 125 19 199 51
1319 125 19 199 51
1320 123 19 197 51
1321 123 19 197 51
1322 123 19 197 51
1323 123 19 197 51
1324 121 18 195 50
1325 121 18 195 50
1326 121 18 195 50
1327 121 18 195 50
1328 120 16 194 48
1329 120 16 194 48
1330 120 16 194 48
1331 120 16 194 48
1332 117 15 192 47
1333 117 15 192 47
1334 117 15 192 47
1335 117 15 192 47
1336 114 13 189 45
1337 114 13 189 45
1338 114 13 189 45
1339 114 13 189 45
1340 113 12 188 44
1341 113 12 188 44
1342 113 12 188 44
1343 113 12 188 44
1344 109 12 184 44
1345 109 12 184 44
1346 109 12 184 44
1347 109 12 184 44
1348 109 10 184 42
1349 109 10 184 42
1350 109 10 184 42
1351 109 10 184 42
1352 107 10 182 42
1353 107 10 182 42
1354 107 10 182 42
1355 107 10 182 42
1356 104 9 179 41
1357 104 9 179 41
1358 104 9 179 41
1359 104 9 179 41
1360 103 8 178 40
1361 103 8 178 40
1362 103 8 178 40
1363 103 8 178 40
1364 100 7 175 39
1365 100 7 175 39
1366 100 7 175 39
1367 100 7 175 39
1368 99 5 174 37
1369 99 5 174 37
1370 99 5 174 37
1371 99 5 174 37
1372 97 4 172 36
1373 97 4 172 36
1374 97 4 172 36
1375 97 4 172 36
1376 95 3 170 35
1377 95 3 170 35
1378 95 3 170 35
1379 95 3 170 35
1380 92 2 167 34
1381 92 2 167 34
1382 92 2 167 34
1383 92 1 167 33
1384 92 1 167 33
1385 92 1 167 33
1386 92 1 167 33
1387 92 1 167 33
1388 92 1 167 33
1389 88 0 163 32
1390 88 0 163 32
1391 88 0 163 32
1392 87 -2 162 30
1393 87 -2 162 30
1394 87 -2 162 30
1395 0 0 0 0
1396 0 0 0 0
1397 0 0 0 0
1398 -38 -12 37 20
1399 -38 -12 37 20
1400 -38 -12 37 20
1401 -30 1 44 33
1402 -30 1 44 33
1403 -30 1 44 33
1404 -29 1 45 33
1405 -29 1 45 33
1406 -29 1 45 33
1407 -29 -2 45 30
1408 -29 -2 45 30
1409 -29 -2 45 30
1410 -31 -5 43 27
1411 -31 -5 43 27
1412 -31 -5 43 27
1413 -36 -8 38 24
1414 -36 -8 38 24
1415 -36 -8 38 24
1416 -31 -6 43 26
1417 -31 -6 43 26
1418 -31 -6 43 26
1419 -24 6 50 38
1420 -24 6 50 38
1421 -24 6 50 38
1422 -30 -3 43 28
1423 -30 -3 43 28
1424 -30 -3 43 28
1425 -8 -5 63 25
1426 -8 -5 63 25
1427 -8 -5 63 25
1428 -27 -2 44 28
1429 -27 -2 44 28
1430 -27 -2 44 28
1431 -16 11 55 41
1432 -16 11 55 41
1433 -16 11 55 41
1434 -27 0 44 30
1435 -27 0 44 30
1436 -27 0 44 30
1437 -15 13 56 43
1438 -15 13 56 43
1439 -15 13 56 43
1440 -12 16 59 46
1441 -12 16 59 46
1442 -12 16 59 46
1443 -12 18 59 48
1444 -12 18 59 48
1445 -12 18 59 48
1446 0 0 0 0
1447 0 0 0 0
1448 0 0 0 0
