589 -1 -1 -1 -1
0 1246 345 1440 436

1 1246 345 1440 436
2 1246 345 1440 436
3 1242 346 1436 437
4 1242 346 1436 437
5 1242 346 1436 437
6 1242 346 1436 437
7 1236 344 1438 439
8 1236 344 1438 439
9 1236 344 1438 439
10 1236 344 1438 439
11 1237 345 1435 438
12 1237 345 1435 438
13 1237 345 1435 438
14 1237 345 1435 438
15 1236 344 1434 437
16 1236 344 1434 437
17 1236 344 1434 437
18 1236 344 1434 437
19 1234 346 1432 439
20 1234 346 1432 439
21 1234 346 1432 439
22 1234 346 1432 439
23 1231 346 1429 439
24 1231 346 1429 439
25 1231 346 1429 439
26 1231 346 1429 439
27 1230 346 1428 439
28 1230 346 1428 439
29 1230 346 1428 439
30 1219 338 1421 433
31 1219 338 1421 433
32 1219 338 1421 433
33 1226 345 1428 440
34 1226 345 1428 440
35 1226 345 1428 440
36 1203 332 1413 431
37 1203 332 1413 431
38 1203 332 1413 431
39 1220 345 1422 440
40 1220 345 1422 440
41 1220 345 1422 440
42 1220 345 1422 440
43 1222 347 1420 440
44 1222 347 1420 440
45 1222 347 1420 440
46 1217 343 1423 440
47 1217 343 1423 440
48 1217 343 1423 440
49 1215 343 1425 442
50 1215 343 1425 442
51 1215 343 1425 442
52 1217 346 1415 439
53 1217 346 1415 439
54 1217 346 1415 439
55 1215 347 1413 440
56 1215 347 1413 440
57 1215 347 1413 440
58 1319 329 1517 422
59 1319 329 1517 422
60 1319 329 1517 422
61 1319 329 1517 422
62 1319 329 1517 422
63 1208 347 1410 442
64 1208 347 1410 442
65 1208 347 1410 442
66 1208 347 1410 442
67 1208 347 1410 442
68 1208 347 1410 442
69 1204 347 1406 442
70 1204 347 1406 442
71 1204 347 1406 442
72 1203 347 1405 442
73 1203 347 1405 442
74 1203 347 1405 442
75 1201 348 1403 443
76 1201 348 1403 443
77 1201 348 1403 443
78 1200 348 1402 443
79 1200 348 1402 443
80 1200 348 1402 443
81 1194 348 1400 445
82 1194 348 1400 445
83 1194 348 1400 445
84 1189 345 1399 444
85 1189 345 1399 444
86 1189 345 1399 444
87 1192 348 1394 443
88 1192 348 1394 443
89 1192 348 1394 443
90 1190 348 1396 445
91 1190 348 1396 445
92 1190 348 1396 445
93 1186 349 1392 446
94 1186 349 1392 446
95 1186 349 1392 446
96 1186 349 1388 444
97 1186 349 1388 444
98 1186 349 1388 444
99 1183 349 1389 446
100 1183 349 1389 446
101 1183 349 1389 446
102 1180 347 1386 444
103 1180 347 1386 444
104 1180 347 1386 444
105 1180 349 1382 444
106 1180 349 1382 444
107 1180 349 1382 444
108 1178 350 1380 445
109 1178 350 1380 445
110 1178 350 1380 445
111 1173 350 1379 447
112 1173 350 1379 447
113 1173 350 1379 447
114 1171 350 1377 447
115 1171 350 1377 447
116 1171 350 1377 447
117 1169 350 1375 447
118 1169 350 1375 447
119 1169 350 1375 447
120 1169 350 1371 445
121 1169 350 1371 445
122 1169 350 1371 445
123 1164 352 1370 449
124 1164 352 1370 449
125 1164 352 1370 449
126 1161 351 1367 448
127 1161 351 1367 448
128 1161 351 1367 448
129 1158 351 1364 448
130 1158 351 1364 448
131 1158 351 1364 448
132 1157 352 1359 447
133 1157 352 1359 447
134 1157 352 1359 447
135 1155 353 1357 448
136 1155 353 1357 448
137 1155 353 1357 448
138 1153 353 1355 448
139 1153 353 1355 448
140 1153 353 1355 448
141 1147 354 1349 449
142 1147 354 1349 449
143 1147 354 1349 449
144 1144 354 1350 451
145 1144 354 1350 451
146 1144 354 1350 451
147 1140 354 1346 451
148 1140 354 1346 451
149 1140 354 1346 451
150 1137 353 1343 450
151 1137 353 1343 450
152 1137 353 1343 450
153 1133 354 1339 451
154 1133 354 1339 451
155 1133 354 1339 451
156 1131 354 1337 451
157 1131 354 1337 451
158 1131 354 1337 451
159 1127 354 1333 451
160 1127 354 1333 451
161 1127 354 1333 451
162 1124 355 1330 452
163 1124 355 1330 452
164 1124 355 1330 452
165 1121 355 1327 452
166 1121 355 1327 452
167 1121 355 1327 452
168 1117 355 1323 452
169 1117 355 1323 452
170 1117 355 1323 452
171 1114 355 1320 452
172 1114 355 1320 452
173 1114 355 1320 452
174 1107 356 1317 455
175 1107 356 1317 455
176 1107 356 1317 455
177 1107 356 1313 453
178 1107 356 1313 453
179 1107 356 1313 453
180 1100 356 1310 455
181 1100 356 1310 455
182 1100 356 1310 455
183 1096 356 1306 455
184 1096 356 1306 455
185 1096 356 1306 455
186 1094 357 1300 454
187 1094 357 1300 454
188 1094 357 1300 454
189 1087 357 1297 456
190 1087 357 1297 456
191 1087 357 1297 456
192 1084 357 1294 456
193 1084 357 1294 456
194 1084 357 1294 456
195 1081 358 1287 455
196 1081 358 1287 455
197 1081 358 1287 455
198 1074 358 1288 458
199 1074 358 1288 458
200 1074 358 1288 458
201 1070 359 1284 459
202 1070 359 1284 459
203 1070 359 1284 459
204 1066 360 1280 460
205 1066 360 1280 460
206 1066 360 1280 460
207 1062 360 1276 460
208 1062 360 1276 460
209 1062 360 1276 460
210 1059 360 1273 460
211 1059 360 1273 460
212 1059 360 1273 460
213 1054 360 1268 460
214 1054 360 1268 460
215 1054 360 1268 460
216 1055 361 1261 458
217 1055 361 1261 458
218 1055 361 1261 458
219 1050 362 1252 457
220 1050 362 1252 457
221 1050 362 1252 457
222 1048 364 1250 459
223 1048 364 1250 459
224 1048 364 1250 459
225 1036 362 1246 461
226 1036 362 1246 461
227 1036 362 1246 461
228 1036 363 1242 460
229 1036 363 1242 460
230 1036 363 1242 460
231 1034 364 1236 459
232 1034 364 1236 459
233 1034 364 1236 459
234 1031 365 1233 460
235 1031 365 1233 460
236 1031 365 1233 460
237 1018 366 1228 465
238 1018 366 1228 465
239 1018 366 1228 465
240 1016 366 1226 465
241 1016 366 1226 465
242 1016 366 1226 465
243 1012 368 1218 465
244 1012 368 1218 465
245 1012 368 1218 465
246 1009 368 1215 465
247 1009 368 1215 465
248 1009 368 1215 465
249 999 369 1209 468
250 999 369 1209 468
251 999 369 1209 468
252 999 371 1205 468
253 999 371 1205 468
254 999 371 1205 468
255 995 373 1197 468
256 995 373 1197 468
257 995 373 1197 468
258 994 375 1196 470
259 994 375 1196 470
260 994 375 1196 470
261 988 376 1186 469
262 988 376 1186 469
263 988 376 1186 469
264 984 377 1182 470
265 984 377 1182 470
266 984 377 1182 470
267 975 378 1177 473
268 975 378 1177 473
269 975 378 1177 473
270 973 379 1175 474
271 973 379 1175 474
272 973 379 1175 474
273 970 381 1168 474
274 970 381 1168 474
275 970 381 1168 474
276 965 382 1163 475
277 965 382 1163 475
278 965 382 1163 475
279 962 384 1156 475
280 962 384 1156 475
281 962 384 1156 475
282 961 387 1151 476
283 961 387 1151 476
284 961 387 1151 476
285 953 389 1143 478
286 953 389 1143 478
287 953 389 1143 478
288 954 390 1140 477
289 954 390 1140 477
290 954 390 1140 477
291 946 392 1132 479
292 946 392 1132 479
293 946 392 1132 479
294 946 393 1129 479
295 946 393 1129 479
296 946 393 1129 479
297 942 396 1121 480
298 942 396 1121 480
299 942 396 1121 480
300 941 398 1117 480
301 941 398 1117 480
302 941 398 1117 480
303 934 401 1110 483
304 934 401 1110 483
305 934 401 1110 483
306 934 404 1106 485
307 934 404 1106 485
308 934 404 1106 485
309 928 405 1100 486
310 928 405 1100 486
311 928 405 1100 486
312 928 408 1097 487
313 928 408 1097 487
314 928 408 1097 487
315 923 410 1089 488
316 923 410 1089 488
317 923 410 1089 488
318 921 414 1083 490
319 921 414 1083 490
320 921 414 1083 490
321 921 420 1080 495
322 921 420 1080 495
323 921 420 1080 495
324 917 420 1079 496
325 917 420 1079 496
326 917 420 1079 496
327 910 420 1076 498
328 910 420 1076 498
329 910 420 1076 498
330 906 421 1072 499
331 906 421 1072 499
332 906 421 1072 499
333 906 428 1072 506
334 906 428 1072 506
335 906 428 1072 506
336 899 429 1065 507
337 899 429 1065 507
338 899 429 1065 507
339 905 438 1071 516
340 905 438 1071 516
341 905 438 1071 516
342 898 437 1060 513
343 898 437 1060 513
344 898 437 1060 513
345 900 445 1062 521
346 900 445 1062 521
347 900 445 1062 521
348 893 444 1055 520
349 893 444 1055 520
350 893 444 1055 520
351 899 455 1061 531
352 899 455 1061 531
353 899 455 1061 531
354 894 454 1056 530
355 894 454 1056 530
356 894 454 1056 530
357 897 462 1059 538
358 897 462 1059 538
359 897 462 1059 538
360 892 462 1054 538
361 892 462 1054 538
362 892 462 1054 538
363 892 469 1054 545
364 892 469 1054 545
365 892 469 1054 545
366 891 471 1050 546
367 891 471 1050 546
368 891 471 1050 546
369 892 476 1051 551
370 892 476 1051 551
371 892 476 1051 551
372 890 479 1049 554
373 890 479 1049 554
374 890 479 1049 554
375 888 482 1047 557
376 888 482 1047 557
377 888 482 1047 557
378 886 485 1045 560
379 886 485 1045 560
380 886 485 1045 560
381 893 494 1055 570
382 893 494 1055 570
383 893 494 1055 570
384 892 495 1058 573
385 892 495 1058 573
386 892 495 1058 573
387 895 504 1061 582
388 895 504 1061 582
389 895 504 1061 582
390 892 504 1058 582
391 892 504 1058 582
392 892 504 1058 582
393 895 513 1061 591
394 895 513 1061 591
395 895 513 1061 591
396 891 512 1057 590
397 891 512 1057 590
398 891 512 1057 590
399 897 522 1063 600
400 897 522 1063 600
401 897 522 1063 600
402 898 522 1064 600
403 898 522 1064 600
404 898 522 1064 600
405 900 529 1066 607
406 900 529 1066 607
407 900 529 1066 607
408 902 535 1064 611
409 902 535 1064 611
410 902 535 1064 611
411 902 537 1064 613
412 902 537 1064 613
413 902 537 1064 613
414 913 552 1072 627
415 913 552 1072 627
416 913 552 1072 627
417 912 554 1071 629
418 912 554 1071 629
419 912 554 1071 629
420 910 556 1069 631
421 910 556 1069 631
422 910 556 1069 631
423 917 565 1079 641
424 917 565 1079 641
425 917 565 1079 641
426 920 574 1086 652
427 920 574 1086 652
428 920 574 1086 652
429 929 583 1091 659
430 929 583 1091 659
431 929 583 1091 659
432 933 589 1092 664
433 933 589 1092 664
434 933 589 1092 664
435 938 599 1097 674
436 938 599 1097 674
437 938 599 1097 674
438 942 603 1098 676
439 942 603 1098 676
440 942 603 1098 676
441 950 613 1106 686
442 950 613 1106 686
443 950 613 1106 686
444 957 620 1113 693
445 957 620 1113 693
446 957 620 1113 693
447 964 628 1120 701
448 964 628 1120 701
449 964 628 1120 701
450 965 632 1121 705
451 965 632 1121 705
452 965 632 1121 705
453 975 643 1131 716
454 975 643 1131 716
455 975 643 1131 716
456 983 650 1139 723
457 983 650 1139 723
458 983 650 1139 723
459 992 661 1148 734
460 992 661 1148 734
461 992 661 1148 734
462 1000 667 1156 740
463 1000 667 1156 740
464 1000 667 1156 740
465 1009 677 1165 750
466 1009 677 1165 750
467 1009 677 1165 750
468 1017 685 1173 758
469 1017 685 1173 758
470 1017 685 1173 758
471 1029 699 1185 772
472 1029 699 1185 772
473 1029 699 1185 772
474 1036 706 1192 779
475 1036 706 1192 779
476 1036 706 1192 779
477 1050 719 1206 792
478 1050 719 1206 792
479 1050 719 1206 792
480 1057 727 1213 800
481 1057 727 1213 800
482 1057 727 1213 800
483 1073 740 1229 813
484 1073 740 1229 813
485 1073 740 1229 813
486 1079 749 1235 822
487 1079 749 1235 822
488 1079 749 1235 822
489 1097 762 1253 835
490 1097 762 1253 835
491 1097 762 1253 835
492 1105 770 1261 843
493 1105 770 1261 843
494 1105 770 1261 843
495 1122 786 1278 859
496 1122 786 1278 859
497 1122 786 1278 859
498 1131 794 1287 867
499 1131 794 1287 867
500 1131 794 1287 867
501 1150 809 1306 882
502 1150 809 1306 882
503 1150 809 1306 882
504 1160 816 1316 889
505 1160 816 1316 889
506 1160 816 1316 889
507 1174 815 1330 888
508 1174 815 1330 888
509 1174 815 1330 888
510 1181 816 1337 889
511 1181 816 1337 889
512 1181 816 1337 889
513 1191 808 1347 881
514 1191 808 1347 881
515 1191 808 1347 881
516 1186 787 1342 860
517 1186 787 1342 860
518 1186 787 1342 860
519 1209 804 1365 877
520 1209 804 1365 877
521 1209 804 1365 877
522 1212 806 1368 879
523 1212 806 1368 879
524 1212 806 1368 879
525 1222 810 1378 883
526 1222 810 1378 883
527 1222 810 1378 883
528 1225 816 1381 889
529 1225 816 1381 889
530 1225 816 1381 889
531 1222 815 1378 888
532 1222 815 1378 888
533 1222 815 1378 888
534 1222 815 1378 888
535 1222 815 1378 888
536 1222 815 1378 888
537 1222 815 1378 888
538 1222 815 1378 888
539 1222 815 1378 888
540 1222 815 1378 888
541 1222 815 1378 888
542 1222 815 1378 888
543 1194 800 1350 873
544 1194 800 1350 873
545 1194 800 1350 873
546 1208 809 1364 882
547 1208 809 1364 882
548 1208 809 1364 882
549 1208 809 1364 882
550 1208 809 1364 882
551 1208 809 1364 882
552 1208 809 1364 882
553 1208 809 1364 882
554 1208 809 1364 882
555 1208 809 1364 882
556 1208 809 1364 882
557 1208 809 1364 882
558 1208 809 1364 882
559 1208 809 1364 882
560 1208 809 1364 882
561 1208 809 1364 882
562 1208 809 1364 882
563 1208 809 1364 882
564 1208 809 1364 882
565 1208 809 1364 882
566 1208 809 1364 882
567 1208 809 1364 882
568 1208 809 1364 882
569 1208 809 1364 882
570 1208 809 1364 882
571 1208 809 1364 882
572 1208 809 1364 882
573 1208 809 1364 882
574 1208 809 1364 882
575 1208 809 1364 882
576 1208 809 1364 882
577 1208 809 1364 882
578 1208 809 1364 882
579 1208 809 1364 882
580 1208 809 1364 882
581 1208 809 1364 882
582 1208 809 1364 882
583 1208 809 1364 882
584 1208 809 1364 882
585 1208 809 1364 882
586 1208 809 1364 882
587 1208 809 1364 882
588 1208 809 1364 882
589 1208 809 1364 882
