348 -1 -1 -1 -1
0 1183 735 1436 879

1 1183 735 1436 879
2 1183 735 1436 879
3 1174 729 1422 870
4 1174 729 1422 870
5 1174 729 1422 870
6 1174 729 1422 870
7 1137 709 1405 862
8 1137 709 1405 862
9 1137 709 1405 862
10 1120 695 1394 851
11 1120 695 1394 851
12 1120 695 1394 851
13 1097 681 1365 834
14 1097 681 1365 834
15 1097 681 1365 834
16 1092 678 1355 828
17 1092 678 1355 828
18 1092 678 1355 828
19 1075 665 1323 806
20 1075 665 1323 806
21 1075 665 1323 806
22 1061 657 1324 807
23 1061 657 1324 807
24 1061 657 1324 807
25 1047 646 1285 782
26 1047 646 1285 782
27 1047 646 1285 782
28 1047 648 1276 778
29 1047 648 1276 778
30 1047 648 1276 778
31 1030 637 1250 762
32 1030 637 1250 762
33 1030 637 1250 762
34 1018 628 1243 756
35 1018 628 1243 756
36 1018 628 1243 756
37 1001 617 1226 745
38 1001 617 1226 745
39 1001 617 1226 745
40 990 611 1215 739
41 990 611 1215 739
42 990 611 1215 739
43 976 601 1196 726
44 976 601 1196 726
45 976 601 1196 726
46 969 596 1189 721
47 969 596 1189 721
48 969 596 1189 721
49 950 585 1175 713
50 950 585 1175 713
51 950 585 1175 713
52 942 580 1167 708
53 942 580 1167 708
54 942 580 1167 708
55 930 572 1146 695
56 930 572 1146 695
57 930 572 1146 695
58 920 569 1140 694
59 920 569 1140 694
60 920 569 1140 694
61 905 558 1125 683
62 905 558 1125 683
63 905 558 1125 683
64 898 557 1118 682
65 898 557 1118 682
66 898 557 1118 682
67 883 546 1103 671
68 883 546 1103 671
69 883 546 1103 671
70 880 547 1092 667
71 880 547 1092 667
72 880 547 1092 667
73 870 538 1073 654
74 870 538 1073 654
75 870 538 1073 654
76 866 539 1062 650
77 866 539 1062 650
78 866 539 1062 650
79 853 529 1049 640
80 853 529 1049 640
81 853 529 1049 640
82 850 530 1038 637
83 850 530 1038 637
84 850 530 1038 637
85 835 520 1027 629
86 835 520 1027 629
87 835 520 1027 629
88 829 520 1013 625
89 829 520 1013 625
90 829 520 1013 625
91 815 511 1003 618
92 815 511 1003 618
93 815 511 1003 618
94 810 512 991 615
95 810 512 991 615
96 810 512 991 615
97 796 503 980 608
98 796 503 980 608
99 796 503 980 608
100 786 501 970 606
101 786 501 970 606
102 786 501 970 606
103 770 492 962 601
104 770 492 962 601
105 770 492 962 601
106 758 489 954 600
107 758 489 954 600
108 758 489 954 600
109 748 484 940 593
110 748 484 940 593
111 748 484 940 593
112 738 482 930 591
113 738 482 930 591
114 738 482 930 591
115 727 477 915 584
116 727 477 915 584
117 727 477 915 584
118 719 475 907 582
119 719 475 907 582
120 719 475 907 582
121 707 471 895 578
122 707 471 895 578
123 707 471 895 578
124 699 469 887 576
125 699 469 887 576
126 699 469 887 576
127 688 465 872 570
128 688 465 872 570
129 688 465 872 570
130 680 462 864 567
131 680 462 864 567
132 680 462 864 567
133 668 460 849 563
134 668 460 849 563
135 668 460 849 563
136 658 458 839 561
137 658 458 839 561
138 658 458 839 561
139 643 454 827 559
140 643 454 827 559
141 643 454 827 559
142 631 451 819 558
143 631 451 819 558
144 631 451 819 558
145 615 448 803 555
146 615 448 803 555
147 615 448 803 555
148 608 447 792 552
149 608 447 792 552
150 608 447 792 552
151 593 443 777 548
152 593 443 777 548
153 593 443 777 548
154 584 441 768 546
155 584 441 768 546
156 584 441 768 546
157 566 438 754 545
158 566 438 754 545
159 566 438 754 545
160 558 438 742 543
161 558 438 742 543
162 558 438 742 543
163 542 435 726 540
164 542 435 726 540
165 542 435 726 540
166 533 432 717 537
167 533 432 717 537
168 533 432 717 537
169 518 432 702 537
170 518 432 702 537
171 518 432 702 537
172 507 429 691 534
173 507 429 691 534
174 507 429 691 534
175 489 428 673 533
176 489 428 673 533
177 489 428 673 533
178 478 425 662 530
179 478 425 662 530
180 478 425 662 530
181 462 425 646 530
182 462 425 646 530
183 462 425 646 530
184 450 423 634 528
185 450 423 634 528
186 450 423 634 528
187 435 423 616 526
188 435 423 616 526
189 435 423 616 526
190 425 421 606 524
191 425 421 606 524
192 425 421 606 524
193 406 421 587 524
194 406 421 587 524
195 406 421 587 524
196 396 420 577 523
197 396 420 577 523
198 396 420 577 523
199 380 419 561 522
200 380 419 561 522
201 380 419 561 522
202 366 418 547 521
203 366 418 547 521
204 366 418 547 521
205 346 418 530 523
206 346 418 530 523
207 346 418 530 523
208 333 418 517 523
209 333 418 517 523
210 333 418 517 523
211 312 418 496 523
212 312 418 496 523
213 312 418 496 523
214 301 418 485 523
215 301 418 485 523
216 301 418 485 523
217 280 418 464 523
218 280 418 464 523
219 280 418 464 523
220 266 416 450 521
221 266 416 450 521
222 266 416 450 521
223 245 418 429 523
224 245 418 429 523
225 245 418 429 523
226 230 414 418 521
227 230 414 418 521
228 230 414 418 521
229 209 415 397 522
230 209 415 397 522
231 209 415 397 522
232 196 415 384 522
233 196 415 384 522
234 196 415 384 522
235 175 418 363 525
236 175 418 363 525
237 175 418 363 525
238 163 418 351 525
239 163 418 351 525
240 163 418 351 525
241 141 419 329 526
242 141 419 329 526
243 141 419 329 526
244 124 420 316 529
245 124 420 316 529
246 124 420 316 529
247 100 420 292 529
248 100 420 292 529
249 100 420 292 529
250 84 421 276 530
251 84 421 276 530
252 84 421 276 530
253 60 423 252 532
254 60 423 252 532
255 60 423 252 532
256 45 424 237 533
257 45 424 237 533
258 45 424 237 533
259 24 424 212 531
260 24 424 212 531
261 24 424 212 531
262 9 424 197 531
263 9 424 197 531
264 9 424 197 531
265 -16 424 172 531
266 -16 424 172 531
267 -16 424 172 531
268 -30 425 158 532
269 -30 425 158 532
270 -30 425 158 532
271 -59 425 129 532
272 -59 425 129 532
273 -59 425 129 532
274 -74 428 114 535
275 -74 428 114 535
276 -74 428 114 535
277 -94 430 94 537
278 -94 430 94 537
279 -94 430 94 537
280 -94 431 94 538
281 -94 431 94 538
282 -94 431 94 538
283 -94 439 94 546
284 -94 439 94 546
285 -94 439 94 546
286 0 0 0 0
287 0 0 0 0
288 0 0 0 0
289 0 0 0 0
290 0 0 0 0
291 0 0 0 0
292 0 0 0 0
293 0 0 0 0
294 0 0 0 0
295 0 0 0 0
296 0 0 0 0
297 0 0 0 0
298 0 0 0 0
299 0 0 0 0
300 0 0 0 0
301 0 0 0 0
302 0 0 0 0
303 0 0 0 0
304 0 0 0 0
305 0 0 0 0
306 0 0 0 0
307 0 0 0 0
308 0 0 0 0
309 0 0 0 0
310 0 0 0 0
311 0 0 0 0
312 0 0 0 0
313 0 0 0 0
314 0 0 0 0
315 0 0 0 0
316 0 0 0 0
317 0 0 0 0
318 0 0 0 0
319 0 0 0 0
320 0 0 0 0
321 0 0 0 0
322 0 0 0 0
323 0 0 0 0
324 0 0 0 0
325 0 0 0 0
326 0 0 0 0
327 0 0 0 0
328 0 0 0 0
329 0 0 0 0
330 0 0 0 0
331 0 0 0 0
332 0 0 0 0
333 0 0 0 0
334 0 0 0 0
335 0 0 0 0
336 0 0 0 0
337 0 0 0 0
338 0 0 0 0
339 0 0 0 0
340 0 0 0 0
341 0 0 0 0
342 0 0 0 0
343 0 0 0 0
344 0 0 0 0
345 0 0 0 0
346 0 0 0 0
347 0 0 0 0
348 0 0 0 0
349 0 0 0 0
