1513 -1 -1 -1 -1
0 495 216 598 288

1 495 216 598 288
2 495 216 598 288
3 490 214 593 286
4 490 214 593 286
5 490 214 593 286
6 486 212 593 287
7 486 212 593 287
8 486 212 593 287
9 482 209 585 281
10 482 209 585 281
11 482 209 585 281
12 480 209 581 280
13 480 209 581 280
14 480 209 581 280
15 475 206 576 277
16 475 206 576 277
17 475 206 576 277
18 471 203 578 278
19 471 203 578 278
20 471 203 578 278
21 467 200 570 272
22 467 200 570 272
23 467 200 570 272
24 463 198 568 271
25 463 198 568 271
26 463 198 568 271
27 463 198 568 271
28 460 198 561 269
29 460 198 561 269
30 460 198 561 269
31 457 194 562 267
32 457 194 562 267
33 457 194 562 267
34 451 191 556 264
35 451 191 556 264
36 451 191 556 264
37 448 188 557 264
38 448 188 557 264
39 448 188 557 264
40 443 185 552 261
41 443 185 552 261
42 443 185 552 261
43 438 183 547 259
44 438 183 547 259
45 438 183 547 259
46 436 182 545 258
47 436 182 545 258
48 436 182 545 258
49 435 181 542 256
50 435 181 542 256
51 435 181 542 256
52 430 178 535 251
53 430 178 535 251
54 430 178 535 251
55 425 175 532 250
56 425 175 532 250
57 425 175 532 250
58 423 175 528 248
59 423 175 528 248
60 423 175 528 248
61 422 174 527 247
62 422 174 527 247
63 422 174 527 247
64 417 170 524 245
65 417 170 524 245
66 417 170 524 245
67 413 168 518 241
68 413 168 518 241
69 413 168 518 241
70 411 168 516 241
71 411 168 516 241
72 411 168 516 241
73 409 165 516 240
74 409 165 516 240
75 409 165 516 240
76 404 164 509 237
77 404 164 509 237
78 404 164 509 237
79 401 161 506 234
80 401 161 506 234
81 401 161 506 234
82 399 160 504 233
83 399 160 504 233
84 399 160 504 233
85 397 159 502 232
86 397 159 502 232
87 397 159 502 232
88 393 157 498 230
89 393 157 498 230
90 393 157 498 230
91 391 155 496 228
92 391 155 496 228
93 391 155 496 228
94 387 153 492 226
95 387 153 492 226
96 387 153 492 226
97 385 153 488 225
98 385 153 488 225
99 385 153 488 225
100 382 149 485 221
101 382 149 485 221
102 382 149 485 221
103 380 149 481 220
104 380 149 481 220
105 380 149 481 220
106 377 148 478 219
107 377 148 478 219
108 377 148 478 219
109 375 146 476 217
110 375 146 476 217
111 375 146 476 217
112 372 144 473 215
113 372 144 473 215
114 372 144 473 215
115 368 142 467 211
116 368 142 467 211
117 368 142 467 211
118 366 140 467 211
119 366 140 467 211
120 366 140 467 211
121 365 140 466 211
122 365 140 466 211
123 365 140 466 211
124 360 136 463 208
125 360 136 463 208
126 360 136 463 208
127 358 136 457 205
128 358 136 457 205
129 358 136 457 205
130 357 135 456 204
131 357 135 456 204
132 357 135 456 204
133 355 134 452 202
134 355 134 452 202
135 355 134 452 202
136 352 132 449 200
137 352 132 449 200
138 352 132 449 200
139 349 131 444 198
140 349 131 444 198
141 349 131 444 198
142 347 129 442 196
143 347 129 442 196
144 347 129 442 196
145 345 128 440 195
146 345 128 440 195
147 345 128 440 195
148 342 127 437 194
149 342 127 437 194
150 342 127 437 194
151 340 125 433 190
152 340 125 433 190
153 340 125 433 190
154 339 125 430 189
155 339 125 430 189
156 339 125 430 189
157 336 123 429 188
158 336 123 429 188
159 336 123 429 188
160 333 122 424 186
161 333 122 424 186
162 333 122 424 186
163 333 122 423 185
164 333 122 423 185
165 333 122 423 185
166 329 118 419 181
167 329 118 419 181
168 329 118 419 181
169 328 118 419 182
170 328 118 419 182
171 328 118 419 182
172 325 117 415 180
173 325 117 415 180
174 325 117 415 180
175 323 114 414 178
176 323 114 414 178
177 323 114 414 178
178 319 113 410 177
179 319 113 410 177
180 319 113 410 177
181 318 113 409 177
182 318 113 409 177
183 318 113 409 177
184 315 110 406 174
185 315 110 406 174
186 315 110 406 174
187 312 109 402 172
188 312 109 402 172
189 312 109 402 172
190 311 108 401 171
191 311 108 401 171
192 311 108 401 171
193 309 107 399 170
194 309 107 399 170
195 309 107 399 170
196 306 105 396 168
197 306 105 396 168
198 306 105 396 168
199 302 103 395 168
200 302 103 395 168
201 302 103 395 168
202 300 103 391 167
203 300 103 391 167
204 300 103 391 167
205 299 100 392 165
206 299 100 392 165
207 299 100 392 165
208 297 100 387 163
209 297 100 387 163
210 297 100 387 163
211 293 98 383 161
212 293 98 383 161
213 293 98 383 161
214 293 98 381 159
215 293 98 381 159
216 293 98 381 159
217 292 97 380 158
218 292 97 380 158
219 292 97 380 158
220 288 94 376 155
221 288 94 376 155
222 288 94 376 155
223 288 94 374 154
224 288 94 374 154
225 288 94 374 154
226 284 92 368 151
227 284 92 368 151
228 284 92 368 151
229 283 91 367 150
230 283 91 367 150
231 283 91 367 150
232 280 90 364 149
233 280 90 364 149
234 280 90 364 149
235 277 88 361 147
236 277 88 361 147
237 277 88 361 147
238 276 87 360 146
239 276 87 360 146
240 276 87 360 146
241 275 87 358 145
242 275 87 358 145
243 275 87 358 145
244 272 85 355 143
245 272 85 355 143
246 272 85 355 143
247 269 84 352 142
248 269 84 352 142
249 269 84 352 142
250 269 83 352 141
251 269 83 352 141
252 269 83 352 141
253 267 82 350 140
254 267 82 350 140
255 267 82 350 140
256 264 80 345 137
257 264 80 345 137
258 264 80 345 137
259 262 79 343 136
260 262 79 343 136
261 262 79 343 136
262 261 78 342 135
263 261 78 342 135
264 261 78 342 135
265 260 78 341 135
266 260 78 341 135
267 260 78 341 135
268 257 76 337 132
269 257 76 337 132
270 257 76 337 132
271 256 75 336 131
272 256 75 336 131
273 256 75 336 131
274 253 73 333 129
275 253 73 333 129
276 253 73 333 129
277 253 74 331 129
278 253 74 331 129
279 253 74 331 129
280 249 71 329 127
281 249 71 329 127
282 249 71 329 127
283 246 71 324 126
284 246 71 324 126
285 246 71 324 126
286 245 70 323 125
287 245 70 323 125
288 245 70 323 125
289 244 69 322 124
290 244 69 322 124
291 244 69 322 124
292 241 68 318 121
293 241 68 318 121
294 241 68 318 121
295 239 67 317 122
296 239 67 317 122
297 239 67 317 122
298 237 66 314 119
299 237 66 314 119
300 237 66 314 119
301 235 66 313 121
302 235 66 313 121
303 235 66 313 121
304 234 63 311 116
305 234 63 311 116
306 234 63 311 116
307 231 62 308 115
308 231 62 308 115
309 231 62 308 115
310 230 61 308 116
311 230 61 308 116
312 230 61 308 116
313 229 60 306 113
314 229 60 306 113
315 229 60 306 113
316 227 59 304 112
317 227 59 304 112
318 227 59 304 112
319 224 59 299 111
320 224 59 299 111
321 224 59 299 111
322 224 56 299 108
323 224 56 299 108
324 224 56 299 108
325 223 57 297 108
326 223 57 297 108
327 223 57 297 108
328 220 56 295 108
329 220 56 295 108
330 220 56 295 108
331 219 53 296 106
332 219 53 296 106
333 219 53 296 106
334 215 53 292 106
335 215 53 292 106
336 215 53 292 106
337 215 52 290 104
338 215 52 290 104
339 215 52 290 104
340 212 51 287 103
341 212 51 287 103
342 212 51 287 103
343 212 50 287 102
344 212 50 287 102
345 212 50 287 102
346 209 49 281 99
347 209 49 281 99
348 209 49 281 99
349 209 49 280 98
350 209 49 280 98
351 209 49 280 98
352 206 48 278 98
353 206 48 278 98
354 206 48 278 98
355 202 45 276 96
356 202 45 276 96
357 202 45 276 96
358 203 45 275 95
359 203 45 275 95
360 203 45 275 95
361 201 44 273 94
362 201 44 273 94
363 201 44 273 94
364 200 44 271 93
365 200 44 271 93
366 200 44 271 93
367 198 42 269 91
368 198 42 269 91
369 198 42 269 91
370 198 42 269 91
371 196 42 265 90
372 196 42 265 90
373 196 42 265 90
374 196 42 265 90
375 193 40 265 90
376 193 40 265 90
377 193 40 265 90
378 189 37 263 88
379 189 37 263 88
380 189 37 263 88
381 190 38 262 88
382 190 38 262 88
383 190 38 262 88
384 186 36 258 86
385 186 36 258 86
386 186 36 258 86
387 186 36 258 86
388 186 36 258 86
389 186 36 258 86
390 186 36 258 86
391 186 36 255 84
392 186 36 255 84
393 186 36 255 84
394 184 34 255 83
395 184 34 255 83
396 184 34 255 83
397 184 34 255 83
398 184 34 255 83
399 182 33 249 80
400 182 33 249 80
401 182 33 249 80
402 182 33 249 80
403 179 32 246 79
404 179 32 246 79
405 179 32 246 79
406 179 32 246 79
407 179 32 246 79
408 179 32 246 79
409 177 29 244 76
410 177 29 244 76
411 177 29 244 76
412 175 29 240 75
413 175 29 240 75
414 175 29 240 75
415 173 28 240 75
416 173 28 240 75
417 173 28 240 75
418 173 28 240 75
419 171 28 236 74
420 171 28 236 74
421 171 28 236 74
422 171 28 236 74
423 169 26 234 72
424 169 26 234 72
425 169 26 234 72
426 169 26 234 72
427 169 26 234 72
428 167 25 234 72
429 167 25 234 72
430 167 25 234 72
431 167 25 234 72
432 165 24 230 70
433 165 24 230 70
434 165 24 230 70
435 165 24 230 70
436 163 23 230 70
437 163 23 230 70
438 163 23 230 70
439 161 21 226 67
440 161 21 226 67
441 161 21 226 67
442 161 21 226 67
443 159 20 224 66
444 159 20 224 66
445 159 20 224 66
446 159 20 224 66
447 157 20 222 66
448 157 20 222 66
449 157 20 222 66
450 156 20 220 65
451 156 20 220 65
452 156 20 220 65
453 154 18 221 65
454 154 18 221 65
455 154 18 221 65
456 154 18 221 65
457 154 18 221 65
458 154 18 221 65
459 154 18 221 65
460 151 17 216 63
461 151 17 216 63
462 151 17 216 63
463 151 17 216 63
464 150 16 214 61
465 150 16 214 61
466 150 16 214 61
467 147 14 212 60
468 147 14 212 60
469 147 14 212 60
470 147 14 212 60
471 146 14 210 59
472 146 14 210 59
473 146 14 210 59
474 146 14 210 59
475 144 13 207 57
476 144 13 207 57
477 144 13 207 57
478 144 13 207 57
479 141 12 205 57
480 141 12 205 57
481 141 12 205 57
482 141 12 205 57
483 140 11 203 55
484 140 11 203 55
485 140 11 203 55
486 140 11 203 55
487 138 10 201 54
488 138 10 201 54
489 138 10 201 54
490 138 10 201 54
491 137 9 201 54
492 137 9 201 54
493 137 9 201 54
494 137 9 201 54
495 135 8 197 51
496 135 8 197 51
497 135 8 197 51
498 135 8 197 51
499 133 7 196 51
500 133 7 196 51
501 133 7 196 51
502 133 7 196 51
503 132 6 194 49
504 132 6 194 49
505 132 6 194 49
506 132 6 194 49
507 129 5 191 48
508 129 5 191 48
509 129 5 191 48
510 129 5 191 48
511 129 5 191 48
512 128 4 190 47
513 128 4 190 47
514 128 4 190 47
515 128 4 190 47
516 126 4 188 47
517 126 4 188 47
518 126 4 188 47
519 126 4 188 47
520 124 2 187 46
521 124 2 187 46
522 124 2 187 46
523 124 2 187 46
524 122 1 184 44
525 122 1 184 44
526 122 1 184 44
527 121 1 183 44
528 121 1 183 44
529 121 1 183 44
530 121 1 183 44
531 119 0 182 44
532 119 0 182 44
533 119 0 182 44
534 119 0 182 44
535 116 -2 180 43
536 116 -2 180 43
537 116 -2 180 43
538 0 0 0 0
539 0 0 0 0
540 0 0 0 0
541 0 0 0 0
542 0 0 0 0
543 0 0 0 0
544 0 0 0 0
545 0 0 0 0
546 0 0 0 0
547 0 0 0 0
548 0 0 0 0
549 0 0 0 0
550 0 0 0 0
551 0 0 0 0
552 0 0 0 0
553 0 0 0 0
554 0 0 0 0
555 0 0 0 0
556 0 0 0 0
557 0 0 0 0
558 0 0 0 0
559 0 0 0 0
560 0 0 0 0
561 0 0 0 0
562 0 0 0 0
563 0 0 0 0
564 0 0 0 0
565 0 0 0 0
566 0 0 0 0
567 0 0 0 0
568 0 0 0 0
569 0 0 0 0
570 0 0 0 0
571 0 0 0 0
572 0 0 0 0
573 0 0 0 0
574 0 0 0 0
575 0 0 0 0
576 0 0 0 0
577 0 0 0 0
578 0 0 0 0
579 0 0 0 0
580 0 0 0 0
581 0 0 0 0
582 0 0 0 0
583 0 0 0 0
584 0 0 0 0
585 0 0 0 0
586 0 0 0 0
587 0 0 0 0
588 0 0 0 0
589 0 0 0 0
590 0 0 0 0
591 0 0 0 0
592 0 0 0 0
593 0 0 0 0
594 0 0 0 0
595 0 0 0 0
596 0 0 0 0
597 0 0 0 0
598 0 0 0 0
599 0 0 0 0
600 0 0 0 0
601 0 0 0 0
602 0 0 0 0
603 0 0 0 0
604 0 0 0 0
605 0 0 0 0
606 0 0 0 0
607 0 0 0 0
608 0 0 0 0
609 0 0 0 0
610 0 0 0 0
611 0 0 0 0
612 0 0 0 0
613 0 0 0 0
614 0 0 0 0
615 0 0 0 0
616 0 0 0 0
617 0 0 0 0
618 0 0 0 0
619 0 0 0 0
620 0 0 0 0
621 0 0 0 0
622 0 0 0 0
623 0 0 0 0
624 0 0 0 0
625 0 0 0 0
626 0 0 0 0
627 0 0 0 0
628 0 0 0 0
629 0 0 0 0
630 0 0 0 0
631 0 0 0 0
632 0 0 0 0
633 0 0 0 0
634 0 0 0 0
635 0 0 0 0
636 0 0 0 0
637 0 0 0 0
638 0 0 0 0
639 0 0 0 0
640 0 0 0 0
641 0 0 0 0
642 0 0 0 0
643 0 0 0 0
644 0 0 0 0
645 0 0 0 0
646 0 0 0 0
647 0 0 0 0
648 0 0 0 0
649 0 0 0 0
650 0 0 0 0
651 0 0 0 0
652 0 0 0 0
653 0 0 0 0
654 0 0 0 0
655 0 0 0 0
656 0 0 0 0
657 0 0 0 0
658 0 0 0 0
659 0 0 0 0
660 0 0 0 0
661 0 0 0 0
662 0 0 0 0
663 0 0 0 0
664 0 0 0 0
665 0 0 0 0
666 0 0 0 0
667 0 0 0 0
668 0 0 0 0
669 0 0 0 0
670 0 0 0 0
671 0 0 0 0
672 0 0 0 0
673 0 0 0 0
674 0 0 0 0
675 0 0 0 0
676 0 0 0 0
677 0 0 0 0
678 0 0 0 0
679 0 0 0 0
680 0 0 0 0
681 0 0 0 0
682 0 0 0 0
683 0 0 0 0
684 0 0 0 0
685 0 0 0 0
686 0 0 0 0
687 0 0 0 0
688 0 0 0 0
689 0 0 0 0
690 0 0 0 0
691 0 0 0 0
692 0 0 0 0
693 0 0 0 0
694 0 0 0 0
695 0 0 0 0
696 0 0 0 0
697 0 0 0 0
698 0 0 0 0
699 0 0 0 0
700 0 0 0 0
701 0 0 0 0
702 0 0 0 0
703 0 0 0 0
704 0 0 0 0
705 0 0 0 0
706 0 0 0 0
707 0 0 0 0
708 0 0 0 0
709 0 0 0 0
710 0 0 0 0
711 0 0 0 0
712 0 0 0 0
713 0 0 0 0
714 0 0 0 0
715 0 0 0 0
716 0 0 0 0
717 0 0 0 0
718 0 0 0 0
719 0 0 0 0
720 0 0 0 0
721 0 0 0 0
722 0 0 0 0
723 0 0 0 0
724 0 0 0 0
725 0 0 0 0
726 0 0 0 0
727 0 0 0 0
728 0 0 0 0
729 0 0 0 0
730 0 0 0 0
731 0 0 0 0
732 0 0 0 0
733 0 0 0 0
734 0 0 0 0
735 0 0 0 0
736 0 0 0 0
737 0 0 0 0
738 0 0 0 0
739 0 0 0 0
740 0 0 0 0
741 0 0 0 0
742 0 0 0 0
743 0 0 0 0
744 0 0 0 0
745 0 0 0 0
746 0 0 0 0
747 0 0 0 0
748 0 0 0 0
749 0 0 0 0
750 0 0 0 0
751 0 0 0 0
752 0 0 0 0
753 0 0 0 0
754 0 0 0 0
755 0 0 0 0
756 0 0 0 0
757 0 0 0 0
758 0 0 0 0
759 0 0 0 0
760 0 0 0 0
761 0 0 0 0
762 0 0 0 0
763 0 0 0 0
764 0 0 0 0
765 0 0 0 0
766 0 0 0 0
767 0 0 0 0
768 0 0 0 0
769 0 0 0 0
770 0 0 0 0
771 0 0 0 0
772 0 0 0 0
773 0 0 0 0
774 0 0 0 0
775 0 0 0 0
776 0 0 0 0
777 0 0 0 0
778 0 0 0 0
779 0 0 0 0
780 0 0 0 0
781 0 0 0 0
782 0 0 0 0
783 0 0 0 0
784 0 0 0 0
785 0 0 0 0
786 0 0 0 0
787 0 0 0 0
788 0 0 0 0
789 0 0 0 0
790 0 0 0 0
791 0 0 0 0
792 0 0 0 0
793 0 0 0 0
794 0 0 0 0
795 0 0 0 0
796 0 0 0 0
797 0 0 0 0
798 0 0 0 0
799 0 0 0 0
800 0 0 0 0
801 0 0 0 0
802 0 0 0 0
803 0 0 0 0
804 0 0 0 0
805 0 0 0 0
806 0 0 0 0
807 0 0 0 0
808 0 0 0 0
809 0 0 0 0
810 0 0 0 0
811 0 0 0 0
812 0 0 0 0
813 0 0 0 0
814 0 0 0 0
815 0 0 0 0
816 0 0 0 0
817 0 0 0 0
818 0 0 0 0
819 0 0 0 0
820 0 0 0 0
821 0 0 0 0
822 0 0 0 0
823 0 0 0 0
824 0 0 0 0
825 0 0 0 0
826 0 0 0 0
827 0 0 0 0
828 0 0 0 0
829 0 0 0 0
830 0 0 0 0
831 0 0 0 0
832 0 0 0 0
833 0 0 0 0
834 0 0 0 0
835 0 0 0 0
836 0 0 0 0
837 0 0 0 0
838 0 0 0 0
839 0 0 0 0
840 0 0 0 0
841 0 0 0 0
842 0 0 0 0
843 0 0 0 0
844 0 0 0 0
845 0 0 0 0
846 0 0 0 0
847 0 0 0 0
848 0 0 0 0
849 0 0 0 0
850 0 0 0 0
851 0 0 0 0
852 0 0 0 0
853 0 0 0 0
854 0 0 0 0
855 0 0 0 0
856 0 0 0 0
857 0 0 0 0
858 0 0 0 0
859 0 0 0 0
860 0 0 0 0
861 0 0 0 0
862 0 0 0 0
863 0 0 0 0
864 0 0 0 0
865 0 0 0 0
866 0 0 0 0
867 0 0 0 0
868 0 0 0 0
869 0 0 0 0
870 0 0 0 0
871 0 0 0 0
872 0 0 0 0
873 0 0 0 0
874 0 0 0 0
875 0 0 0 0
876 0 0 0 0
877 0 0 0 0
878 0 0 0 0
879 0 0 0 0
880 0 0 0 0
881 0 0 0 0
882 0 0 0 0
883 0 0 0 0
884 0 0 0 0
885 0 0 0 0
886 0 0 0 0
887 0 0 0 0
888 0 0 0 0
889 0 0 0 0
890 0 0 0 0
891 0 0 0 0
892 0 0 0 0
893 0 0 0 0
894 0 0 0 0
895 0 0 0 0
896 0 0 0 0
897 0 0 0 0
898 0 0 0 0
899 0 0 0 0
900 0 0 0 0
901 0 0 0 0
902 0 0 0 0
903 0 0 0 0
904 0 0 0 0
905 0 0 0 0
906 0 0 0 0
907 0 0 0 0
908 0 0 0 0
909 0 0 0 0
910 0 0 0 0
911 0 0 0 0
912 0 0 0 0
913 0 0 0 0
914 0 0 0 0
915 0 0 0 0
916 0 0 0 0
917 0 0 0 0
918 0 0 0 0
919 0 0 0 0
920 0 0 0 0
921 0 0 0 0
922 0 0 0 0
923 0 0 0 0
924 0 0 0 0
925 0 0 0 0
926 0 0 0 0
927 0 0 0 0
928 0 0 0 0
929 0 0 0 0
930 0 0 0 0
931 0 0 0 0
932 0 0 0 0
933 0 0 0 0
934 0 0 0 0
935 0 0 0 0
936 0 0 0 0
937 0 0 0 0
938 0 0 0 0
939 0 0 0 0
940 0 0 0 0
941 0 0 0 0
942 0 0 0 0
943 0 0 0 0
944 0 0 0 0
945 0 0 0 0
946 0 0 0 0
947 0 0 0 0
948 0 0 0 0
949 0 0 0 0
950 0 0 0 0
951 0 0 0 0
952 0 0 0 0
953 0 0 0 0
954 0 0 0 0
955 0 0 0 0
956 0 0 0 0
957 0 0 0 0
958 0 0 0 0
959 0 0 0 0
960 0 0 0 0
961 0 0 0 0
962 0 0 0 0
963 0 0 0 0
964 0 0 0 0
965 0 0 0 0
966 0 0 0 0
967 0 0 0 0
968 0 0 0 0
969 0 0 0 0
970 0 0 0 0
971 0 0 0 0
972 0 0 0 0
973 0 0 0 0
974 0 0 0 0
975 0 0 0 0
976 0 0 0 0
977 0 0 0 0
978 0 0 0 0
979 0 0 0 0
980 0 0 0 0
981 0 0 0 0
982 0 0 0 0
983 0 0 0 0
984 0 0 0 0
985 0 0 0 0
986 0 0 0 0
987 0 0 0 0
988 0 0 0 0
989 0 0 0 0
990 0 0 0 0
991 0 0 0 0
992 0 0 0 0
993 0 0 0 0
994 0 0 0 0
995 0 0 0 0
996 0 0 0 0
997 0 0 0 0
998 0 0 0 0
999 0 0 0 0
1000 0 0 0 0
1001 0 0 0 0
1002 0 0 0 0
1003 0 0 0 0
1004 0 0 0 0
1005 0 0 0 0
1006 0 0 0 0
1007 0 0 0 0
1008 0 0 0 0
1009 0 0 0 0
1010 0 0 0 0
1011 0 0 0 0
1012 0 0 0 0
1013 0 0 0 0
1014 0 0 0 0
1015 0 0 0 0
1016 0 0 0 0
1017 0 0 0 0
1018 0 0 0 0
1019 0 0 0 0
1020 0 0 0 0
1021 0 0 0 0
1022 0 0 0 0
1023 0 0 0 0
1024 0 0 0 0
1025 0 0 0 0
1026 0 0 0 0
1027 0 0 0 0
1028 0 0 0 0
1029 0 0 0 0
1030 0 0 0 0
1031 0 0 0 0
1032 0 0 0 0
1033 0 0 0 0
1034 0 0 0 0
1035 0 0 0 0
1036 0 0 0 0
1037 0 0 0 0
1038 0 0 0 0
1039 0 0 0 0
1040 0 0 0 0
1041 0 0 0 0
1042 0 0 0 0
1043 0 0 0 0
1044 0 0 0 0
1045 0 0 0 0
1046 0 0 0 0
1047 0 0 0 0
1048 0 0 0 0
1049 0 0 0 0
1050 0 0 0 0
1051 0 0 0 0
1052 0 0 0 0
1053 0 0 0 0
1054 0 0 0 0
1055 0 0 0 0
1056 0 0 0 0
1057 0 0 0 0
1058 0 0 0 0
1059 0 0 0 0
1060 0 0 0 0
1061 0 0 0 0
1062 0 0 0 0
1063 0 0 0 0
1064 0 0 0 0
1065 0 0 0 0
1066 0 0 0 0
1067 0 0 0 0
1068 0 0 0 0
1069 0 0 0 0
1070 0 0 0 0
1071 0 0 0 0
1072 0 0 0 0
1073 0 0 0 0
1074 0 0 0 0
1075 0 0 0 0
1076 0 0 0 0
1077 0 0 0 0
1078 0 0 0 0
1079 0 0 0 0
1080 0 0 0 0
1081 0 0 0 0
1082 0 0 0 0
1083 0 0 0 0
1084 0 0 0 0
1085 0 0 0 0
1086 0 0 0 0
1087 0 0 0 0
1088 0 0 0 0
1089 0 0 0 0
1090 0 0 0 0
1091 0 0 0 0
1092 0 0 0 0
1093 0 0 0 0
1094 0 0 0 0
1095 0 0 0 0
1096 0 0 0 0
1097 0 0 0 0
1098 0 0 0 0
1099 0 0 0 0
1100 0 0 0 0
1101 0 0 0 0
1102 0 0 0 0
1103 0 0 0 0
1104 0 0 0 0
1105 0 0 0 0
1106 0 0 0 0
1107 0 0 0 0
1108 0 0 0 0
1109 0 0 0 0
1110 0 0 0 0
1111 0 0 0 0
1112 0 0 0 0
1113 0 0 0 0
1114 0 0 0 0
1115 0 0 0 0
1116 0 0 0 0
1117 0 0 0 0
1118 0 0 0 0
1119 0 0 0 0
1120 0 0 0 0
1121 0 0 0 0
1122 0 0 0 0
1123 0 0 0 0
1124 0 0 0 0
1125 0 0 0 0
1126 0 0 0 0
1127 0 0 0 0
1128 0 0 0 0
1129 0 0 0 0
1130 0 0 0 0
1131 0 0 0 0
1132 0 0 0 0
1133 0 0 0 0
1134 0 0 0 0
1135 0 0 0 0
1136 0 0 0 0
1137 0 0 0 0
1138 0 0 0 0
1139 0 0 0 0
1140 0 0 0 0
1141 0 0 0 0
1142 0 0 0 0
1143 0 0 0 0
1144 0 0 0 0
1145 0 0 0 0
1146 0 0 0 0
1147 0 0 0 0
1148 0 0 0 0
1149 0 0 0 0
1150 0 0 0 0
1151 0 0 0 0
1152 0 0 0 0
1153 0 0 0 0
1154 0 0 0 0
1155 0 0 0 0
1156 0 0 0 0
1157 0 0 0 0
1158 0 0 0 0
1159 0 0 0 0
1160 0 0 0 0
1161 0 0 0 0
1162 0 0 0 0
1163 0 0 0 0
1164 0 0 0 0
1165 0 0 0 0
1166 0 0 0 0
1167 0 0 0 0
1168 0 0 0 0
1169 0 0 0 0
1170 0 0 0 0
1171 0 0 0 0
1172 0 0 0 0
1173 0 0 0 0
1174 0 0 0 0
1175 0 0 0 0
1176 0 0 0 0
1177 0 0 0 0
1178 0 0 0 0
1179 0 0 0 0
1180 0 0 0 0
1181 0 0 0 0
1182 0 0 0 0
1183 0 0 0 0
1184 0 0 0 0
1185 0 0 0 0
1186 0 0 0 0
1187 0 0 0 0
1188 0 0 0 0
1189 0 0 0 0
1190 0 0 0 0
1191 0 0 0 0
1192 0 0 0 0
1193 0 0 0 0
1194 0 0 0 0
1195 0 0 0 0
1196 0 0 0 0
1197 0 0 0 0
1198 0 0 0 0
1199 0 0 0 0
1200 0 0 0 0
1201 0 0 0 0
1202 0 0 0 0
1203 0 0 0 0
1204 0 0 0 0
1205 0 0 0 0
1206 0 0 0 0
1207 0 0 0 0
1208 0 0 0 0
1209 0 0 0 0
1210 0 0 0 0
1211 0 0 0 0
1212 0 0 0 0
1213 0 0 0 0
1214 0 0 0 0
1215 0 0 0 0
1216 0 0 0 0
1217 0 0 0 0
1218 0 0 0 0
1219 0 0 0 0
1220 0 0 0 0
1221 0 0 0 0
1222 0 0 0 0
1223 0 0 0 0
1224 0 0 0 0
1225 0 0 0 0
1226 0 0 0 0
1227 0 0 0 0
1228 -1 -6 63 39
1229 -1 -6 63 39
1230 -1 -6 63 39
1231 0 0 0 0
1232 0 0 0 0
1233 0 0 0 0
1234 0 0 0 0
1235 0 0 0 0
1236 0 0 0 0
1237 0 0 0 0
1238 0 0 0 0
1239 0 0 0 0
1240 0 0 0 0
1241 0 0 0 0
1242 0 0 0 0
1243 0 0 0 0
1244 0 0 0 0
1245 0 0 0 0
1246 0 0 0 0
1247 0 0 0 0
1248 0 0 0 0
1249 0 0 0 0
1250 0 0 0 0
1251 0 0 0 0
1252 0 0 0 0
