1520 -1 -1 -1 -1
0 1263 347 1392 401

1 1263 347 1392 401
2 1263 347 1392 401
3 1263 347 1392 401
4 1263 347 1392 401
5 1263 347 1392 401
6 1263 347 1392 401
7 1263 347 1392 401
8 1263 347 1392 401
9 1263 347 1392 401
10 1263 347 1392 401
11 1263 347 1392 401
12 1263 347 1392 401
13 1263 347 1392 401
14 1263 347 1392 401
15 1263 347 1392 401
16 1263 347 1392 401
17 1263 347 1392 401
18 1263 347 1392 401
19 1263 347 1392 401
20 1263 347 1392 401
21 1263 347 1392 401
22 1263 347 1392 401
23 1263 347 1392 401
24 1263 347 1392 401
25 1263 347 1392 401
26 1263 347 1392 401
27 1263 347 1392 401
28 1263 347 1392 401
29 1263 347 1392 401
30 1263 347 1392 401
31 1263 347 1392 401
32 1263 347 1392 401
33 1263 347 1392 401
34 1263 347 1392 401
35 1263 347 1392 401
36 1263 347 1392 401
37 1263 347 1392 401
38 1263 347 1392 401
39 1263 347 1392 401
40 1263 347 1392 401
41 1263 347 1392 401
42 1263 347 1392 401
43 1263 347 1392 401
44 1263 347 1392 401
45 1263 347 1392 401
46 1263 347 1392 401
47 1263 347 1392 401
48 1263 347 1392 401
49 1263 347 1392 401
50 1263 347 1392 401
51 1263 347 1392 401
52 1263 347 1392 401
53 1263 347 1392 401
54 1263 347 1392 401
55 1263 347 1392 401
56 1263 347 1392 401
57 1263 347 1392 401
58 1263 347 1392 401
59 1263 347 1392 401
60 1263 347 1392 401
61 1263 347 1392 401
62 1263 347 1392 401
63 1263 347 1392 401
64 1263 347 1392 401
65 1263 347 1392 401
66 1263 347 1392 401
67 1263 347 1392 401
68 1263 347 1392 401
69 1263 347 1392 401
70 1263 347 1392 401
71 1263 347 1392 401
72 1263 347 1392 401
73 1263 347 1392 401
74 1263 347 1392 401
75 1263 347 1392 401
76 1263 347 1392 401
77 1263 347 1392 401
78 1263 347 1392 401
79 1263 347 1392 401
80 1263 347 1392 401
81 1263 347 1392 401
82 1263 347 1392 401
83 1263 347 1392 401
84 1263 347 1392 401
85 1263 347 1392 401
86 1263 347 1392 401
87 1263 347 1392 401
88 1263 347 1392 401
89 1263 347 1392 401
90 1263 347 1392 401
91 1263 347 1392 401
92 1263 347 1392 401
93 1263 347 1392 401
94 1263 347 1392 401
95 1263 347 1392 401
96 1263 347 1392 401
97 1263 347 1392 401
98 1263 347 1392 401
99 1263 347 1392 401
100 1263 347 1392 401
101 1263 347 1392 401
102 1263 347 1392 401
103 1263 347 1392 401
104 1263 347 1392 401
105 1263 347 1392 401
106 1263 347 1392 401
107 1263 347 1392 401
108 1263 347 1392 401
109 1263 347 1392 401
110 1263 347 1392 401
111 1263 347 1392 401
112 1263 347 1392 401
113 1263 347 1392 401
114 1263 347 1392 401
115 1263 347 1392 401
116 1263 347 1392 401
117 1263 347 1392 401
118 1263 347 1392 401
119 1263 347 1392 401
120 1263 347 1392 401
121 1263 347 1392 401
122 1263 347 1392 401
123 1263 347 1392 401
124 1263 347 1392 401
125 1263 347 1392 401
126 1263 347 1392 401
127 1263 347 1392 401
128 1263 347 1392 401
129 1263 347 1392 401
130 1263 347 1392 401
131 1263 347 1392 401
132 1263 347 1392 401
133 1263 347 1392 401
134 1263 347 1392 401
135 1263 347 1392 401
136 1263 347 1392 401
137 1263 347 1392 401
138 1263 347 1392 401
139 1263 347 1392 401
140 1263 347 1392 401
141 1263 347 1392 401
142 1263 347 1392 401
143 1263 347 1392 401
144 1263 347 1392 401
145 1263 347 1392 401
146 1263 347 1392 401
147 1263 347 1392 401
148 1263 347 1392 401
149 1263 347 1392 401
150 1263 347 1392 401
151 1263 347 1392 401
152 1263 347 1392 401
153 1263 347 1392 401
154 1263 347 1392 401
155 1263 347 1392 401
156 1263 347 1392 401
157 1263 347 1392 401
158 1263 347 1392 401
159 1263 347 1392 401
160 1263 347 1392 401
161 1263 347 1392 401
162 1263 347 1392 401
163 1263 347 1392 401
164 1263 347 1392 401
165 1263 347 1392 401
166 1263 347 1392 401
167 1263 347 1392 401
168 1263 347 1392 401
169 1263 347 1392 401
170 1263 347 1392 401
171 1263 347 1392 401
172 1263 347 1392 401
173 1263 347 1392 401
174 1263 347 1392 401
175 1263 347 1392 401
176 1263 347 1392 401
177 1263 347 1392 401
178 1263 347 1392 401
179 1263 347 1392 401
180 1263 347 1392 401
181 1263 347 1392 401
182 1263 347 1392 401
183 1263 347 1392 401
184 1263 347 1392 401
185 1263 347 1392 401
186 1263 347 1392 401
187 1263 347 1392 401
188 1263 347 1392 401
189 1263 347 1392 401
190 1263 347 1392 401
191 1263 347 1392 401
192 1263 347 1392 401
193 1263 347 1392 401
194 1263 347 1392 401
195 1263 347 1392 401
196 1263 347 1392 401
197 1263 347 1392 401
198 1263 347 1392 401
199 1263 347 1392 401
200 1263 347 1392 401
201 1263 347 1392 401
202 1263 347 1392 401
203 1263 347 1392 401
204 1263 347 1392 401
205 1263 347 1392 401
206 1263 347 1392 401
207 1263 347 1392 401
208 1263 347 1392 401
209 1263 347 1392 401
210 1263 347 1392 401
211 1263 347 1392 401
212 1263 347 1392 401
213 1263 347 1392 401
214 1263 347 1392 401
215 1263 347 1392 401
216 1263 347 1392 401
217 1263 347 1392 401
218 1263 347 1392 401
219 1263 347 1392 401
220 1263 347 1392 401
221 1263 347 1392 401
222 1263 347 1392 401
223 1263 347 1392 401
224 1263 347 1392 401
225 1263 347 1392 401
226 1263 347 1392 401
227 1263 347 1392 401
228 1263 347 1392 401
229 1264 347 1390 400
230 1264 347 1390 400
231 1264 347 1390 400
232 1264 347 1390 400
233 1264 347 1390 400
234 1264 347 1390 400
235 1264 347 1390 400
236 1264 347 1390 400
237 1264 347 1390 400
238 1264 347 1390 400
239 1264 347 1390 400
240 1264 347 1390 400
241 1264 347 1390 400
242 1264 347 1390 400
243 1260 345 1392 400
244 1260 345 1392 400
245 1260 345 1392 400
246 1260 345 1392 400
247 1260 345 1392 400
248 1260 345 1392 400
249 1260 345 1392 400
250 1260 345 1392 400
251 1260 345 1392 400
252 1260 345 1392 400
253 1260 345 1392 400
254 1260 345 1392 400
255 1260 346 1392 401
256 1260 346 1392 401
257 1260 346 1392 401
258 1260 346 1392 401
259 1260 346 1392 401
260 1260 346 1392 401
261 1260 346 1392 401
262 1260 346 1392 401
263 1258 344 1392 400
264 1258 344 1392 400
265 1258 344 1392 400
266 1258 344 1392 400
267 1258 344 1392 400
268 1258 344 1392 400
269 1258 344 1392 400
270 1258 344 1392 400
271 1256 346 1393 403
272 1256 346 1393 403
273 1256 346 1393 403
274 1256 346 1393 403
275 1256 346 1393 403
276 1256 346 1393 403
277 1255 346 1395 404
278 1255 346 1395 404
279 1255 346 1395 404
280 1255 346 1395 404
281 1255 346 1395 404
282 1255 346 1395 404
283 1254 342 1396 402
284 1254 342 1396 402
285 1254 342 1396 402
286 1254 342 1396 402
287 1254 342 1396 402
288 1254 342 1396 402
289 1254 342 1396 402
290 1254 342 1396 402
291 1251 344 1396 405
292 1251 344 1396 405
293 1251 344 1396 405
294 1251 344 1396 405
295 1235 326 1386 389
296 1235 326 1386 389
297 1235 326 1386 389
298 1235 326 1386 389
299 0 0 0 0
300 0 0 0 0
301 0 0 0 0
302 0 0 0 0
303 0 0 0 0
304 0 0 0 0
305 0 0 0 0
306 0 0 0 0
307 0 0 0 0
308 0 0 0 0
309 0 0 0 0
310 0 0 0 0
311 0 0 0 0
312 0 0 0 0
313 0 0 0 0
314 0 0 0 0
315 0 0 0 0
316 0 0 0 0
317 0 0 0 0
318 0 0 0 0
319 0 0 0 0
320 0 0 0 0
321 0 0 0 0
322 0 0 0 0
323 0 0 0 0
324 0 0 0 0
325 0 0 0 0
326 0 0 0 0
327 0 0 0 0
328 0 0 0 0
329 0 0 0 0
330 0 0 0 0
331 0 0 0 0
332 0 0 0 0
333 0 0 0 0
334 0 0 0 0
335 0 0 0 0
336 0 0 0 0
337 0 0 0 0
338 0 0 0 0
339 0 0 0 0
340 0 0 0 0
341 0 0 0 0
342 0 0 0 0
343 0 0 0 0
344 0 0 0 0
345 0 0 0 0
346 0 0 0 0
347 0 0 0 0
348 0 0 0 0
349 0 0 0 0
350 0 0 0 0
351 0 0 0 0
352 0 0 0 0
353 0 0 0 0
354 0 0 0 0
355 0 0 0 0
356 0 0 0 0
357 0 0 0 0
358 0 0 0 0
359 0 0 0 0
360 0 0 0 0
361 0 0 0 0
362 0 0 0 0
363 0 0 0 0
364 0 0 0 0
365 0 0 0 0
366 0 0 0 0
367 0 0 0 0
368 0 0 0 0
369 0 0 0 0
370 0 0 0 0
371 0 0 0 0
372 0 0 0 0
373 0 0 0 0
374 0 0 0 0
375 0 0 0 0
376 0 0 0 0
377 0 0 0 0
378 0 0 0 0
379 0 0 0 0
380 0 0 0 0
381 0 0 0 0
382 0 0 0 0
383 0 0 0 0
384 0 0 0 0
385 0 0 0 0
386 0 0 0 0
387 0 0 0 0
388 0 0 0 0
389 0 0 0 0
390 0 0 0 0
391 0 0 0 0
392 0 0 0 0
393 0 0 0 0
394 0 0 0 0
395 0 0 0 0
396 0 0 0 0
397 0 0 0 0
398 0 0 0 0
399 0 0 0 0
400 0 0 0 0
401 0 0 0 0
402 0 0 0 0
403 0 0 0 0
404 0 0 0 0
405 0 0 0 0
406 0 0 0 0
407 0 0 0 0
408 0 0 0 0
409 0 0 0 0
410 0 0 0 0
411 0 0 0 0
412 0 0 0 0
413 0 0 0 0
414 0 0 0 0
415 0 0 0 0
416 0 0 0 0
417 0 0 0 0
418 0 0 0 0
419 0 0 0 0
420 0 0 0 0
421 0 0 0 0
422 0 0 0 0
423 0 0 0 0
424 0 0 0 0
425 0 0 0 0
426 0 0 0 0
427 0 0 0 0
428 0 0 0 0
429 0 0 0 0
430 0 0 0 0
431 0 0 0 0
432 0 0 0 0
433 0 0 0 0
434 0 0 0 0
435 0 0 0 0
436 0 0 0 0
437 0 0 0 0
438 0 0 0 0
439 0 0 0 0
440 0 0 0 0
441 0 0 0 0
442 0 0 0 0
443 0 0 0 0
444 0 0 0 0
445 0 0 0 0
446 0 0 0 0
447 0 0 0 0
448 0 0 0 0
449 0 0 0 0
