678 -1 -1 -1 -1
0 273 142 347 200

1 273 142 347 200
2 273 142 347 200
3 273 142 347 200
4 273 142 347 200
5 278 146 351 203
6 278 146 351 203
7 278 146 351 203
8 280 146 353 203
9 280 146 353 203
10 280 146 353 203
11 286 150 357 206
12 286 150 357 206
13 286 150 357 206
14 289 152 357 206
15 289 152 357 206
16 289 152 357 206
17 291 153 364 210
18 291 153 364 210
19 291 153 364 210
20 292 154 366 212
21 292 154 366 212
22 292 154 366 212
23 296 156 371 215
24 296 156 371 215
25 296 156 371 215
26 298 157 373 216
27 298 157 373 216
28 298 157 373 216
29 303 159 378 218
30 303 159 378 218
31 303 159 378 218
32 304 160 379 219
33 304 160 379 219
34 304 160 379 219
35 309 164 384 223
36 309 164 384 223
37 309 164 384 223
38 311 165 386 224
39 311 165 386 224
40 311 165 386 224
41 316 166 393 226
42 316 166 393 226
43 316 166 393 226
44 317 168 396 230
45 317 168 396 230
46 317 168 396 230
47 320 169 402 233
48 320 169 402 233
49 320 169 402 233
50 323 171 402 233
51 323 171 402 233
52 323 171 402 233
53 327 174 409 238
54 327 174 409 238
55 327 174 409 238
56 329 175 411 239
57 329 175 411 239
58 329 175 411 239
59 334 177 416 241
60 334 177 416 241
61 334 177 416 241
62 336 179 416 242
63 336 179 416 242
64 336 179 416 242
65 340 182 422 246
66 340 182 422 246
67 340 182 422 246
68 342 182 425 247
69 342 182 425 247
70 342 182 425 247
71 347 185 430 250
72 347 185 430 250
73 347 185 430 250
74 348 186 431 251
75 348 186 431 251
76 348 186 431 251
77 353 189 436 254
78 353 189 436 254
79 353 189 436 254
80 354 190 437 255
81 354 190 437 255
82 354 190 437 255
83 361 193 444 258
84 361 193 444 258
85 361 193 444 258
86 362 195 444 259
87 362 195 444 259
88 362 195 444 259
89 367 197 450 262
90 367 197 450 262
91 367 197 450 262
92 369 199 452 264
93 369 199 452 264
94 369 199 452 264
95 374 201 459 268
96 374 201 459 268
97 374 201 459 268
98 376 204 459 269
99 376 204 459 269
100 376 204 459 269
101 381 206 466 273
102 381 206 466 273
103 381 206 466 273
104 382 207 467 274
105 382 207 467 274
106 382 207 467 274
107 387 210 474 278
108 387 210 474 278
109 387 210 474 278
110 388 212 475 280
111 388 212 475 280
112 388 212 475 280
113 393 214 483 285
114 393 214 483 285
115 393 214 483 285
116 394 214 484 285
117 394 214 484 285
118 394 214 484 285
119 400 219 488 288
120 400 219 488 288
121 400 219 488 288
122 402 220 490 289
123 402 220 490 289
124 402 220 490 289
125 407 223 495 292
126 407 223 495 292
127 407 223 495 292
128 408 224 498 295
129 408 224 498 295
130 408 224 498 295
131 413 227 503 298
132 413 227 503 298
133 413 227 503 298
134 415 229 505 300
135 415 229 505 300
136 415 229 505 300
137 419 231 511 303
138 419 231 511 303
139 419 231 511 303
140 421 233 513 305
141 421 233 513 305
142 421 233 513 305
143 426 237 518 309
144 426 237 518 309
145 426 237 518 309
146 428 238 520 310
147 428 238 520 310
148 428 238 520 310
149 434 241 526 313
150 434 241 526 313
151 434 241 526 313
152 435 242 529 316
153 435 242 529 316
154 435 242 529 316
155 441 245 537 320
156 441 245 537 320
157 441 245 537 320
158 443 248 537 322
159 443 248 537 322
160 443 248 537 322
161 446 249 544 326
162 446 249 544 326
163 446 249 544 326
164 449 251 545 326
165 449 251 545 326
166 449 251 545 326
167 454 253 554 331
168 454 253 554 331
169 454 253 554 331
170 455 254 555 332
171 455 254 555 332
172 455 254 555 332
173 459 258 561 338
174 459 258 561 338
175 459 258 561 338
176 463 261 559 336
177 463 261 559 336
178 463 261 559 336
179 468 262 570 342
180 468 262 570 342
181 468 262 570 342
182 469 264 569 342
183 469 264 569 342
184 469 264 569 342
185 475 268 577 348
186 475 268 577 348
187 475 268 577 348
188 475 269 577 349
189 475 269 577 349
190 475 269 577 349
191 482 272 584 352
192 482 272 584 352
193 482 272 584 352
194 485 274 585 352
195 485 274 585 352
196 485 274 585 352
197 491 278 593 358
198 491 278 593 358
199 491 278 593 358
200 492 279 594 359
201 492 279 594 359
202 492 279 594 359
203 495 280 601 363
204 495 280 601 363
205 495 280 601 363
206 499 284 603 365
207 499 284 603 365
208 499 284 603 365
209 505 286 611 369
210 505 286 611 369
211 505 286 611 369
212 507 287 613 370
213 507 287 613 370
214 507 287 613 370
215 514 292 620 375
216 514 292 620 375
217 514 292 620 375
218 515 293 621 376
219 515 293 621 376
220 515 293 621 376
221 521 297 627 380
222 521 297 627 380
223 521 297 627 380
224 524 297 632 381
225 524 297 632 381
226 524 297 632 381
227 532 302 638 385
228 532 302 638 385
229 532 302 638 385
230 534 304 640 387
231 534 304 640 387
232 534 304 640 387
233 541 307 647 390
234 541 307 647 390
235 541 307 647 390
236 548 312 650 392
237 548 312 650 392
238 548 312 650 392
239 553 313 657 394
240 553 313 657 394
241 553 313 657 394
242 556 314 662 397
243 556 314 662 397
244 556 314 662 397
245 565 319 669 400
246 565 319 669 400
247 565 319 669 400
248 568 319 674 402
249 568 319 674 402
250 568 319 674 402
251 577 323 683 406
252 577 323 683 406
253 577 323 683 406
254 580 324 684 405
255 580 324 684 405
256 580 324 684 405
257 590 329 696 412
258 590 329 696 412
259 590 329 696 412
260 594 330 700 413
261 594 330 700 413
262 594 330 700 413
263 600 334 704 415
264 600 334 704 415
265 600 334 704 415
266 605 334 709 415
267 605 334 709 415
268 605 334 709 415
269 620 338 724 419
270 620 338 724 419
271 620 338 724 419
272 625 341 729 422
273 625 341 729 422
274 625 341 729 422
275 636 344 738 424
276 636 344 738 424
277 636 344 738 424
278 643 347 743 425
279 643 347 743 425
280 643 347 743 425
281 655 350 755 428
282 655 350 755 428
283 655 350 755 428
284 660 352 760 430
285 660 352 760 430
286 660 352 760 430
287 671 356 771 434
288 671 356 771 434
289 671 356 771 434
290 675 357 777 437
291 675 357 777 437
292 675 357 777 437
293 687 359 789 439
294 687 359 789 439
295 687 359 789 439
296 693 361 795 441
297 693 361 795 441
298 693 361 795 441
299 706 365 808 445
300 706 365 808 445
301 706 365 808 445
302 711 366 813 446
303 711 366 813 446
304 711 366 813 446
305 724 369 826 449
306 724 369 826 449
307 724 369 826 449
308 731 370 833 450
309 731 370 833 450
310 731 370 833 450
311 745 375 845 453
312 745 375 845 453
313 745 375 845 453
314 752 377 852 455
315 752 377 852 455
316 752 377 852 455
317 765 379 865 457
318 765 379 865 457
319 765 379 865 457
320 772 380 872 458
321 772 380 872 458
322 772 380 872 458
323 788 383 888 461
324 788 383 888 461
325 788 383 888 461
326 793 384 893 462
327 793 384 893 462
328 793 384 893 462
329 807 386 907 464
330 807 386 907 464
331 807 386 907 464
332 815 387 915 465
333 815 387 915 465
334 815 387 915 465
335 829 389 929 467
336 829 389 929 467
337 829 389 929 467
338 837 391 937 469
339 837 391 937 469
340 837 391 937 469
341 850 393 950 471
342 850 393 950 471
343 850 393 950 471
344 859 394 959 472
345 859 394 959 472
346 859 394 959 472
347 874 397 974 475
348 874 397 974 475
349 874 397 974 475
350 881 398 981 476
351 881 398 981 476
352 881 398 981 476
353 896 399 996 477
354 896 399 996 477
355 896 399 996 477
356 904 400 1004 478
357 904 400 1004 478
358 904 400 1004 478
359 920 401 1020 479
360 920 401 1020 479
361 920 401 1020 479
362 928 402 1028 480
363 928 402 1028 480
364 928 402 1028 480
365 944 404 1044 482
366 944 404 1044 482
367 944 404 1044 482
368 952 405 1052 483
369 952 405 1052 483
370 952 405 1052 483
371 968 408 1066 485
372 968 408 1066 485
373 968 408 1066 485
374 977 409 1075 486
375 977 409 1075 486
376 977 409 1075 486
377 993 408 1093 486
378 993 408 1093 486
379 993 408 1093 486
380 1000 409 1100 487
381 1000 409 1100 487
382 1000 409 1100 487
383 1016 410 1116 488
384 1016 410 1116 488
385 1016 410 1116 488
386 1024 412 1124 490
387 1024 412 1124 490
388 1024 412 1124 490
389 1041 413 1141 491
390 1041 413 1141 491
391 1041 413 1141 491
392 1049 414 1147 491
393 1049 414 1147 491
394 1049 414 1147 491
395 1067 415 1165 492
396 1067 415 1165 492
397 1067 415 1165 492
398 1074 415 1172 492
399 1074 415 1172 492
400 1074 415 1172 492
401 1093 418 1189 493
402 1093 418 1189 493
403 1093 418 1189 493
404 1105 420 1199 494
405 1105 420 1199 494
406 1105 420 1199 494
407 1120 420 1214 494
408 1120 420 1214 494
409 1120 420 1214 494
410 1130 421 1222 493
411 1130 421 1222 493
412 1130 421 1222 493
413 1148 421 1240 493
414 1148 421 1240 493
415 1148 421 1240 493
416 1155 421 1247 493
417 1155 421 1247 493
418 1155 421 1247 493
419 1173 422 1265 494
420 1173 422 1265 494
421 1173 422 1265 494
422 1181 421 1273 493
423 1181 421 1273 493
424 1181 421 1273 493
425 1198 421 1290 493
426 1198 421 1290 493
427 1198 421 1290 493
428 1207 421 1299 493
429 1207 421 1299 493
430 1207 421 1299 493
431 1225 422 1317 494
432 1225 422 1317 494
433 1225 422 1317 494
434 1233 422 1325 494
435 1233 422 1325 494
436 1233 422 1325 494
437 1249 422 1341 494
438 1249 422 1341 494
439 1249 422 1341 494
440 1257 421 1349 493
441 1257 421 1349 493
442 1257 421 1349 493
443 1275 421 1367 493
444 1275 421 1367 493
445 1275 421 1367 493
446 1283 421 1375 493
447 1283 421 1375 493
448 1283 421 1375 493
449 1300 420 1392 492
450 1300 420 1392 492
451 1300 420 1392 492
452 1307 419 1399 491
453 1307 419 1399 491
454 1307 419 1399 491
455 1323 418 1415 490
456 1323 418 1415 490
457 1323 418 1415 490
458 1332 417 1424 489
459 1332 417 1424 489
460 1332 417 1424 489
461 1349 416 1441 488
462 1349 416 1441 488
463 1349 416 1441 488
464 1356 416 1448 488
465 1356 416 1448 488
466 1356 416 1448 488
467 1372 415 1464 487
468 1372 415 1464 487
469 1372 415 1464 487
470 1380 414 1472 486
471 1380 414 1472 486
472 1380 414 1472 486
473 1397 413 1489 485
474 1397 413 1489 485
475 1397 413 1489 485
476 1404 413 1496 485
477 1404 413 1496 485
478 1404 413 1496 485
479 1422 413 1512 484
480 1422 413 1512 484
481 1422 413 1512 484
482 1428 412 1518 483
483 1428 412 1518 483
484 1428 412 1518 483
485 1445 412 1533 481
486 1445 412 1533 481
487 1445 412 1533 481
488 1405 384 1493 453
489 1405 384 1493 453
490 1405 384 1493 453
491 1402 382 1490 451
492 1402 382 1490 451
493 1402 382 1490 451
494 1393 410 1481 479
495 1393 410 1481 479
496 1393 410 1481 479
497 1406 409 1494 478
498 1406 409 1494 478
499 1406 409 1494 478
500 1412 408 1500 477
501 1412 408 1500 477
502 1412 408 1500 477
503 1412 399 1500 468
504 1412 399 1500 468
505 1412 399 1500 468
506 1419 397 1507 466
507 1419 397 1507 466
508 1419 397 1507 466
509 1417 391 1505 460
510 1417 391 1505 460
511 1417 391 1505 460
512 1418 389 1506 458
513 1418 389 1506 458
514 1418 389 1506 458
515 1417 389 1505 458
516 1417 389 1505 458
517 1417 389 1505 458
518 1409 396 1497 465
519 1409 396 1497 465
520 1409 396 1497 465
521 1438 386 1526 455
522 1438 386 1526 455
523 1438 386 1526 455
524 1415 382 1503 451
525 1415 382 1503 451
526 1415 382 1503 451
527 1422 393 1510 462
528 1422 393 1510 462
529 1422 393 1510 462
530 1422 393 1510 462
531 1422 393 1510 462
532 1422 393 1510 462
533 1412 404 1500 473
534 1412 404 1500 473
535 1412 404 1500 473
536 1412 404 1500 473
537 1412 404 1500 473
538 1412 404 1500 473
539 1413 411 1501 480
540 1413 411 1501 480
541 1413 411 1501 480
542 1413 411 1501 480
543 1413 411 1501 480
544 1413 411 1501 480
545 1414 411 1504 482
546 1414 411 1504 482
547 1414 411 1504 482
548 1414 411 1504 482
549 1414 411 1504 482
550 1414 411 1504 482
551 1419 398 1507 467
552 1419 398 1507 467
553 1419 398 1507 467
554 1417 403 1505 472
555 1417 403 1505 472
556 1417 403 1505 472
557 1421 401 1509 470
558 1421 401 1509 470
559 1421 401 1509 470
560 1421 401 1509 470
561 1422 400 1510 469
562 1422 400 1510 469
563 1422 400 1510 469
564 1422 400 1510 469
565 1422 400 1510 469
566 1422 400 1510 469
567 1422 400 1510 469
568 1422 400 1510 469
569 1423 399 1511 468
570 1423 399 1511 468
571 1423 399 1511 468
572 1425 406 1512 474
573 1425 406 1512 474
574 1425 406 1512 474
575 1426 402 1513 470
576 1426 402 1513 470
577 1426 402 1513 470
578 1426 405 1513 473
579 1426 405 1513 473
580 1426 405 1513 473
581 1426 400 1513 468
582 1426 400 1513 468
583 1426 400 1513 468
584 1430 406 1517 474
585 1430 406 1517 474
586 1430 406 1517 474
587 1430 403 1517 471
588 1430 403 1517 471
589 1430 403 1517 471
590 1430 403 1517 471
591 1430 403 1517 471
592 1430 403 1517 471
593 1426 399 1514 468
594 1426 399 1514 468
595 1426 399 1514 468
596 1425 407 1513 476
597 1425 407 1513 476
598 1425 407 1513 476
599 1427 399 1515 468
600 1427 399 1515 468
601 1427 399 1515 468
602 1427 399 1515 468
603 1427 399 1515 468
604 1427 399 1515 468
605 1428 398 1518 469
606 1428 398 1518 469
607 1428 398 1518 469
608 1431 406 1521 477
609 1431 406 1521 477
610 1431 406 1521 477
611 1426 396 1516 467
612 1426 396 1516 467
613 1426 396 1516 467
614 1426 396 1516 467
615 1426 396 1516 467
616 1426 396 1516 467
617 1429 398 1517 467
618 1429 398 1517 467
619 1429 398 1517 467
620 1429 398 1517 467
621 1425 395 1515 466
622 1425 395 1515 466
623 1425 395 1515 466
624 1425 395 1515 466
625 1429 396 1517 465
626 1429 396 1517 465
627 1429 396 1517 465
628 1429 396 1517 465
629 1430 399 1518 468
630 1430 399 1518 468
631 1430 399 1518 468
632 1430 399 1518 468
633 1430 401 1518 470
634 1430 401 1518 470
635 1430 401 1518 470
636 1430 401 1518 470
637 1430 401 1518 470
638 1430 401 1518 470
639 1430 401 1518 470
640 1430 401 1518 470
641 1430 401 1518 470
642 1430 401 1518 470
643 1430 401 1518 470
644 1430 401 1518 470
645 1430 401 1518 470
646 1430 401 1518 470
647 1430 401 1518 470
648 1430 401 1518 470
649 1430 401 1518 470
650 1430 401 1518 470
651 1430 401 1518 470
652 1430 401 1518 470
653 1425 387 1512 455
654 1425 387 1512 455
655 1425 387 1512 455
656 1425 387 1512 455
657 1425 387 1512 455
658 1425 387 1512 455
659 1425 387 1512 455
660 1425 387 1512 455
661 1425 387 1512 455
662 1425 387 1512 455
663 1425 387 1512 455
664 1425 387 1512 455
665 1425 387 1512 455
666 1425 387 1512 455
667 1425 387 1512 455
668 1425 387 1512 455
669 1425 387 1512 455
670 1425 387 1512 455
671 1425 387 1512 455
672 1425 387 1512 455
673 1425 387 1512 455
674 1425 387 1512 455
675 1425 387 1512 455
676 1425 387 1512 455
677 1425 387 1512 455
678 1425 387 1512 455
