461 -1 -1 -1 -1
0 178 122 252 183

1 178 122 252 183
2 178 122 252 183
3 178 122 252 183
4 178 122 252 183
5 178 122 252 183
6 185 127 256 186
7 185 127 256 186
8 185 127 256 186
9 189 130 263 191
10 189 130 263 191
11 189 130 263 191
12 191 132 264 192
13 191 132 264 192
14 191 132 264 192
15 194 132 271 195
16 194 132 271 195
17 194 132 271 195
18 197 135 271 196
19 197 135 271 196
20 197 135 271 196
21 204 141 277 201
22 204 141 277 201
23 204 141 277 201
24 205 141 279 202
25 205 141 279 202
26 205 141 279 202
27 210 146 284 207
28 210 146 284 207
29 210 146 284 207
30 211 147 285 208
31 211 147 285 208
32 211 147 285 208
33 216 151 290 212
34 216 151 290 212
35 216 151 290 212
36 218 151 293 213
37 218 151 293 213
38 218 151 293 213
39 224 156 299 218
40 224 156 299 218
41 224 156 299 218
42 225 157 300 219
43 225 157 300 219
44 225 157 300 219
45 231 162 306 224
46 231 162 306 224
47 231 162 306 224
48 233 162 308 224
49 233 162 308 224
50 233 162 308 224
51 238 167 313 229
52 238 167 313 229
53 238 167 313 229
54 242 169 315 229
55 242 169 315 229
56 242 169 315 229
57 247 174 320 234
58 247 174 320 234
59 247 174 320 234
60 251 175 321 232
61 251 175 321 232
62 251 175 321 232
63 258 180 326 236
64 258 180 326 236
65 258 180 326 236
66 259 181 330 240
67 259 181 330 240
68 259 181 330 240
69 265 185 336 244
70 265 185 336 244
71 265 185 336 244
72 266 186 341 248
73 266 186 341 248
74 266 186 341 248
75 272 191 346 252
76 272 191 346 252
77 272 191 346 252
78 275 194 349 255
79 275 194 349 255
80 275 194 349 255
81 282 198 356 259
82 282 198 356 259
83 282 198 356 259
84 285 200 359 261
85 285 200 359 261
86 285 200 359 261
87 291 205 364 265
88 291 205 364 265
89 291 205 364 265
90 293 205 368 267
91 293 205 368 267
92 293 205 368 267
93 300 210 375 272
94 300 210 375 272
95 300 210 375 272
96 304 214 377 274
97 304 214 377 274
98 304 214 377 274
99 311 218 385 279
100 311 218 385 279
101 311 218 385 279
102 313 220 388 282
103 313 220 388 282
104 313 220 388 282
105 320 225 395 287
106 320 225 395 287
107 320 225 395 287
108 323 227 398 289
109 323 227 398 289
110 323 227 398 289
111 330 232 407 295
112 330 232 407 295
113 330 232 407 295
114 333 235 408 297
115 333 235 408 297
116 333 235 408 297
117 340 241 417 304
118 340 241 417 304
119 340 241 417 304
120 341 241 421 307
121 341 241 421 307
122 341 241 421 307
123 351 249 430 314
124 351 249 430 314
125 351 249 430 314
126 354 251 433 316
127 354 251 433 316
128 354 251 433 316
129 362 256 441 321
130 362 256 441 321
131 362 256 441 321
132 364 258 444 324
133 364 258 444 324
134 364 258 444 324
135 370 262 452 329
136 370 262 452 329
137 370 262 452 329
138 379 268 459 334
139 379 268 459 334
140 379 268 459 334
141 391 275 470 340
142 391 275 470 340
143 391 275 470 340
144 393 276 475 343
145 393 276 475 343
146 393 276 475 343
147 404 283 486 350
148 404 283 486 350
149 404 283 486 350
150 406 287 488 354
151 406 287 488 354
152 406 287 488 354
153 414 292 496 359
154 414 292 496 359
155 414 292 496 359
156 419 295 502 364
157 419 295 502 364
158 419 295 502 364
159 426 302 509 371
160 426 302 509 371
161 426 302 509 371
162 432 305 519 376
163 432 305 519 376
164 432 305 519 376
165 439 311 527 384
166 439 311 527 384
167 439 311 527 384
168 446 316 534 389
169 446 316 534 389
170 446 316 534 389
171 455 323 543 396
172 455 323 543 396
173 455 323 543 396
174 461 328 549 401
175 461 328 549 401
176 461 328 549 401
177 470 334 558 407
178 470 334 558 407
179 470 334 558 407
180 477 338 567 412
181 477 338 567 412
182 477 338 567 412
183 485 345 577 421
184 485 345 577 421
185 485 345 577 421
186 491 349 585 426
187 491 349 585 426
188 491 349 585 426
189 501 358 597 437
190 501 358 597 437
191 501 358 597 437
192 508 362 604 441
193 508 362 604 441
194 508 362 604 441
195 518 368 616 448
196 518 368 616 448
197 518 368 616 448
198 526 375 624 455
199 526 375 624 455
200 526 375 624 455
201 538 383 638 465
202 538 383 638 465
203 538 383 638 465
204 545 388 645 470
205 545 388 645 470
206 545 388 645 470
207 558 398 656 478
208 558 398 656 478
209 558 398 656 478
210 564 402 666 486
211 564 402 666 486
212 564 402 666 486
213 577 413 679 497
214 577 413 679 497
215 577 413 679 497
216 585 419 687 503
217 585 419 687 503
218 585 419 687 503
219 598 429 702 514
220 598 429 702 514
221 598 429 702 514
222 606 434 710 519
223 606 434 710 519
224 606 434 710 519
225 620 444 726 531
226 620 444 726 531
227 620 444 726 531
228 629 450 735 537
229 629 450 735 537
230 629 450 735 537
231 646 462 752 549
232 646 462 752 549
233 646 462 752 549
234 652 468 760 557
235 652 468 760 557
236 652 468 760 557
237 670 480 778 569
238 670 480 778 569
239 670 480 778 569
240 678 488 786 577
241 678 488 786 577
242 678 488 786 577
243 695 500 805 591
244 695 500 805 591
245 695 500 805 591
246 704 506 816 598
247 704 506 816 598
248 704 506 816 598
249 723 521 835 613
250 723 521 835 613
251 723 521 835 613
252 732 528 846 622
253 732 528 846 622
254 732 528 846 622
255 751 542 868 638
256 751 542 868 638
257 751 542 868 638
258 761 551 878 647
259 761 551 878 647
260 761 551 878 647
261 782 566 899 662
262 782 566 899 662
263 782 566 899 662
264 792 574 911 672
265 792 574 911 672
266 792 574 911 672
267 814 592 931 688
268 814 592 931 688
269 814 592 931 688
270 826 601 943 697
271 826 601 943 697
272 826 601 943 697
273 850 620 967 716
274 850 620 967 716
275 850 620 967 716
276 862 628 981 726
277 862 628 981 726
278 862 628 981 726
279 887 649 1006 747
280 887 649 1006 747
281 887 649 1006 747
282 900 657 1024 759
283 900 657 1024 759
284 900 657 1024 759
285 928 681 1052 783
286 928 681 1052 783
287 928 681 1052 783
288 942 693 1066 795
289 942 693 1066 795
290 942 693 1066 795
291 970 714 1094 816
292 970 714 1094 816
293 970 714 1094 816
294 987 726 1111 828
295 987 726 1111 828
296 987 726 1111 828
297 1018 750 1144 854
298 1018 750 1144 854
299 1018 750 1144 854
300 1035 762 1161 866
301 1035 762 1161 866
302 1035 762 1161 866
303 1070 790 1196 894
304 1070 790 1196 894
305 1070 790 1196 894
306 1089 802 1215 906
307 1089 802 1215 906
308 1089 802 1215 906
309 1126 827 1252 931
310 1126 827 1252 931
311 1126 827 1252 931
312 1148 827 1274 931
313 1148 827 1274 931
314 1148 827 1274 931
315 1169 827 1295 931
316 1169 827 1295 931
317 1169 827 1295 931
318 1164 827 1290 931
319 1164 827 1290 931
320 1164 827 1290 931
321 1209 827 1335 931
322 1209 827 1335 931
323 1209 827 1335 931
324 0 0 0 0
325 0 0 0 0
326 0 0 0 0
327 0 0 0 0
328 0 0 0 0
329 0 0 0 0
330 0 0 0 0
331 0 0 0 0
332 0 0 0 0
333 0 0 0 0
334 0 0 0 0
335 0 0 0 0
336 0 0 0 0
337 0 0 0 0
338 0 0 0 0
339 0 0 0 0
340 0 0 0 0
341 0 0 0 0
342 0 0 0 0
343 0 0 0 0
344 0 0 0 0
345 0 0 0 0
346 0 0 0 0
347 0 0 0 0
348 0 0 0 0
349 0 0 0 0
350 0 0 0 0
351 0 0 0 0
352 0 0 0 0
353 0 0 0 0
354 0 0 0 0
355 0 0 0 0
356 0 0 0 0
357 0 0 0 0
358 0 0 0 0
359 0 0 0 0
360 0 0 0 0
361 0 0 0 0
362 0 0 0 0
363 0 0 0 0
364 0 0 0 0
365 0 0 0 0
366 0 0 0 0
367 0 0 0 0
368 0 0 0 0
369 0 0 0 0
370 0 0 0 0
371 0 0 0 0
372 0 0 0 0
373 0 0 0 0
374 0 0 0 0
375 0 0 0 0
376 0 0 0 0
377 0 0 0 0
378 0 0 0 0
379 0 0 0 0
380 0 0 0 0
381 0 0 0 0
382 0 0 0 0
383 0 0 0 0
384 0 0 0 0
385 0 0 0 0
386 0 0 0 0
387 0 0 0 0
388 0 0 0 0
389 0 0 0 0
390 0 0 0 0
391 0 0 0 0
392 0 0 0 0
393 0 0 0 0
394 0 0 0 0
395 0 0 0 0
396 0 0 0 0
397 0 0 0 0
398 0 0 0 0
399 0 0 0 0
400 0 0 0 0
401 0 0 0 0
402 0 0 0 0
403 0 0 0 0
404 0 0 0 0
405 0 0 0 0
406 0 0 0 0
407 0 0 0 0
408 0 0 0 0
409 0 0 0 0
410 0 0 0 0
411 0 0 0 0
412 0 0 0 0
413 0 0 0 0
414 0 0 0 0
415 0 0 0 0
416 0 0 0 0
417 0 0 0 0
418 0 0 0 0
419 0 0 0 0
420 0 0 0 0
421 0 0 0 0
422 0 0 0 0
423 0 0 0 0
424 0 0 0 0
425 0 0 0 0
426 0 0 0 0
427 0 0 0 0
428 0 0 0 0
429 0 0 0 0
430 0 0 0 0
431 0 0 0 0
432 0 0 0 0
433 0 0 0 0
434 0 0 0 0
435 0 0 0 0
436 0 0 0 0
437 0 0 0 0
438 0 0 0 0
439 0 0 0 0
440 0 0 0 0
441 0 0 0 0
442 0 0 0 0
443 0 0 0 0
444 0 0 0 0
445 0 0 0 0
446 0 0 0 0
447 0 0 0 0
448 0 0 0 0
449 0 0 0 0
450 0 0 0 0
451 0 0 0 0
452 0 0 0 0
453 0 0 0 0
454 0 0 0 0
455 0 0 0 0
456 0 0 0 0
457 0 0 0 0
458 0 0 0 0
459 0 0 0 0
460 0 0 0 0
461 0 0 0 0
