511 -1 -1 -1 -1
0 505 311 599 382

1 505 311 599 382
2 505 311 599 382
3 505 311 599 382
4 505 311 599 382
5 505 311 599 382
6 504 310 606 387
7 504 310 606 387
8 504 310 606 387
9 504 309 610 389
10 504 309 610 389
11 504 309 610 389
12 504 309 610 389
13 504 309 610 389
14 508 313 606 387
15 508 313 606 387
16 508 313 606 387
17 508 313 606 387
18 507 313 607 388
19 507 313 607 388
20 507 313 607 388
21 509 313 607 387
22 509 313 607 387
23 509 313 607 387
24 509 313 607 387
25 509 313 607 387
26 509 313 609 388
27 509 313 609 388
28 509 313 609 388
29 509 313 609 388
30 508 313 612 391
31 508 313 612 391
32 508 313 612 391
33 507 313 613 393
34 507 313 613 393
35 507 313 613 393
36 491 285 599 367
37 491 285 599 367
38 491 285 599 367
39 491 285 599 367
40 513 316 613 391
41 513 316 613 391
42 513 316 613 391
43 520 315 620 390
44 520 315 620 390
45 520 315 620 390
46 514 316 616 393
47 514 316 616 393
48 514 316 616 393
49 517 320 617 395
50 517 320 617 395
51 517 320 617 395
52 520 322 614 393
53 520 322 614 393
54 520 322 614 393
55 525 324 614 391
56 525 324 614 391
57 525 324 614 391
58 523 323 617 394
59 523 323 617 394
60 523 323 617 394
61 522 321 620 395
62 522 321 620 395
63 522 321 620 395
64 523 322 623 397
65 523 322 623 397
66 523 322 623 397
67 523 321 627 399
68 523 321 627 399
69 523 321 627 399
70 525 323 627 400
71 525 323 627 400
72 525 323 627 400
73 525 324 629 402
74 525 324 629 402
75 525 324 629 402
76 530 328 626 400
77 530 328 626 400
78 530 328 626 400
79 536 331 626 399
80 536 331 626 399
81 536 331 626 399
82 534 331 628 402
83 534 331 628 402
84 534 331 628 402
85 534 329 632 403
86 534 329 632 403
87 534 329 632 403
88 535 330 639 408
89 535 330 639 408
90 535 330 639 408
91 537 332 637 407
92 537 332 637 407
93 537 332 637 407
94 538 331 642 409
95 538 331 642 409
96 538 331 642 409
97 541 335 641 410
98 541 335 641 410
99 541 335 641 410
100 543 334 647 412
101 543 334 647 412
102 543 334 647 412
103 546 337 646 412
104 546 337 646 412
105 546 337 646 412
106 550 338 652 415
107 550 338 652 415
108 550 338 652 415
109 552 339 654 416
110 552 339 654 416
111 552 339 654 416
112 555 341 659 419
113 555 341 659 419
114 555 341 659 419
115 556 341 660 419
116 556 341 660 419
117 556 341 660 419
118 561 344 661 419
119 561 344 661 419
120 561 344 661 419
121 564 346 662 420
122 564 346 662 420
123 564 346 662 420
124 570 348 668 422
125 570 348 668 422
126 570 348 668 422
127 573 349 671 423
128 573 349 671 423
129 573 349 671 423
130 579 352 675 424
131 579 352 675 424
132 579 352 675 424
133 582 352 680 426
134 582 352 680 426
135 582 352 680 426
136 588 355 684 427
137 588 355 684 427
138 588 355 684 427
139 591 358 687 430
140 591 358 687 430
141 591 358 687 430
142 598 358 696 432
143 598 358 696 432
144 598 358 696 432
145 606 360 704 434
146 606 360 704 434
147 606 360 704 434
148 618 362 714 434
149 618 362 714 434
150 618 362 714 434
151 625 365 719 436
152 625 365 719 436
153 625 365 719 436
154 633 365 729 437
155 633 365 729 437
156 633 365 729 437
157 637 366 733 438
158 637 366 733 438
159 637 366 733 438
160 643 368 741 442
161 643 368 741 442
162 643 368 741 442
163 647 369 745 443
164 647 369 745 443
165 647 369 745 443
166 658 372 756 446
167 658 372 756 446
168 658 372 756 446
169 662 372 762 447
170 662 372 762 447
171 662 372 762 447
172 670 375 770 450
173 670 375 770 450
174 670 375 770 450
175 678 376 776 450
176 678 376 776 450
177 678 376 776 450
178 692 379 790 453
179 692 379 790 453
180 692 379 790 453
181 697 380 797 455
182 697 380 797 455
183 697 380 797 455
184 707 380 809 457
185 707 380 809 457
186 707 380 809 457
187 712 381 816 459
188 712 381 816 459
189 712 381 816 459
190 724 383 828 461
191 724 383 828 461
192 724 383 828 461
193 730 384 834 462
194 730 384 834 462
195 730 384 834 462
196 744 386 848 464
197 744 386 848 464
198 744 386 848 464
199 750 388 854 466
200 750 388 854 466
201 750 388 854 466
202 764 390 868 468
203 764 390 868 468
204 764 390 868 468
205 772 391 876 469
206 772 391 876 469
207 772 391 876 469
208 787 393 891 471
209 787 393 891 471
210 787 393 891 471
211 794 395 898 473
212 794 395 898 473
213 794 395 898 473
214 809 397 911 474
215 809 397 911 474
216 809 397 911 474
217 817 399 919 476
218 817 399 919 476
219 817 399 919 476
220 833 399 937 477
221 833 399 937 477
222 833 399 937 477
223 841 401 943 478
224 841 401 943 478
225 841 401 943 478
226 859 405 957 479
227 859 405 957 479
228 859 405 957 479
229 866 405 966 480
230 866 405 966 480
231 866 405 966 480
232 883 407 983 482
233 883 407 983 482
234 883 407 983 482
235 891 408 991 483
236 891 408 991 483
237 891 408 991 483
238 908 409 1008 484
239 908 409 1008 484
240 908 409 1008 484
241 918 410 1018 485
242 918 410 1018 485
243 918 410 1018 485
244 934 412 1034 487
245 934 412 1034 487
246 934 412 1034 487
247 943 412 1043 487
248 943 412 1043 487
249 943 412 1043 487
250 961 413 1061 488
251 961 413 1061 488
252 961 413 1061 488
253 970 414 1070 489
254 970 414 1070 489
255 970 414 1070 489
256 988 415 1088 490
257 988 415 1088 490
258 988 415 1088 490
259 997 416 1097 491
260 997 416 1097 491
261 997 416 1097 491
262 1016 417 1116 492
263 1016 417 1116 492
264 1016 417 1116 492
265 1025 417 1125 492
266 1025 417 1125 492
267 1025 417 1125 492
268 1044 418 1144 493
269 1044 418 1144 493
270 1044 418 1144 493
271 1053 419 1153 494
272 1053 419 1153 494
273 1053 419 1153 494
274 1073 419 1173 494
275 1073 419 1173 494
276 1073 419 1173 494
277 1083 421 1181 495
278 1083 421 1181 495
279 1083 421 1181 495
280 1104 421 1202 495
281 1104 421 1202 495
282 1104 421 1202 495
283 1113 422 1211 496
284 1113 422 1211 496
285 1113 422 1211 496
286 1132 422 1230 496
287 1132 422 1230 496
288 1132 422 1230 496
289 1142 422 1240 496
290 1142 422 1240 496
291 1142 422 1240 496
292 1161 421 1259 495
293 1161 421 1259 495
294 1161 421 1259 495
295 1171 421 1269 495
296 1171 421 1269 495
297 1171 421 1269 495
298 1190 421 1288 495
299 1190 421 1288 495
300 1190 421 1288 495
301 1199 420 1297 494
302 1199 420 1297 494
303 1199 420 1297 494
304 1217 420 1315 494
305 1217 420 1315 494
306 1217 420 1315 494
307 1228 420 1326 494
308 1228 420 1326 494
309 1228 420 1326 494
310 1247 419 1345 493
311 1247 419 1345 493
312 1247 419 1345 493
313 1258 418 1356 492
314 1258 418 1356 492
315 1258 418 1356 492
316 1276 418 1374 492
317 1276 418 1374 492
318 1276 418 1374 492
319 1286 417 1384 491
320 1286 417 1384 491
321 1286 417 1384 491
322 1305 415 1403 489
323 1305 415 1403 489
324 1305 415 1403 489
325 1315 415 1413 489
326 1315 415 1413 489
327 1315 415 1413 489
328 1333 414 1431 488
329 1333 414 1431 488
330 1333 414 1431 488
331 1344 414 1442 488
332 1344 414 1442 488
333 1344 414 1442 488
334 1362 413 1460 487
335 1362 413 1460 487
336 1362 413 1460 487
337 1372 413 1470 487
338 1372 413 1470 487
339 1372 413 1470 487
340 1391 411 1487 483
341 1391 411 1487 483
342 1391 411 1487 483
343 1402 410 1496 481
344 1402 410 1496 481
345 1402 410 1496 481
346 1419 410 1513 481
347 1419 410 1513 481
348 1419 410 1513 481
349 1394 409 1488 480
350 1394 409 1488 480
351 1394 409 1488 480
352 1368 410 1462 481
353 1368 410 1462 481
354 1368 410 1462 481
355 1376 410 1470 481
356 1376 410 1470 481
357 1376 410 1470 481
358 1396 409 1490 480
359 1396 409 1490 480
360 1396 409 1490 480
361 1404 408 1498 479
362 1404 408 1498 479
363 1404 408 1498 479
364 1419 407 1511 477
365 1419 407 1511 477
366 1419 407 1511 477
367 1398 396 1490 466
368 1398 396 1490 466
369 1398 396 1490 466
370 1442 402 1534 472
371 1442 402 1534 472
372 1442 402 1534 472
373 1442 401 1534 471
374 1442 401 1534 471
375 1442 401 1534 471
376 1441 399 1533 469
377 1441 399 1533 469
378 1441 399 1533 469
379 1467 397 1561 468
380 1467 397 1561 468
381 1467 397 1561 468
382 1467 398 1559 468
383 1467 398 1559 468
384 1467 398 1559 468
385 1469 398 1559 466
386 1469 398 1559 466
387 1469 398 1559 466
388 1493 382 1582 449
389 1493 382 1582 449
390 1493 382 1582 449
391 1493 382 1582 449
392 1493 382 1582 449
393 1493 382 1582 449
394 1529 382 1618 449
395 1529 382 1618 449
396 1529 382 1618 449
397 1584 395 1673 462
398 1584 395 1673 462
399 1584 395 1673 462
400 1605 395 1694 462
401 1605 395 1694 462
402 1605 395 1694 462
403 1615 393 1704 460
404 1615 393 1704 460
405 1615 393 1704 460
406 1634 392 1723 459
407 1634 392 1723 459
408 1634 392 1723 459
409 1643 390 1732 457
410 1643 390 1732 457
411 1643 390 1732 457
412 1662 388 1751 455
413 1662 388 1751 455
414 1662 388 1751 455
415 1672 387 1761 454
416 1672 387 1761 454
417 1672 387 1761 454
418 1692 386 1781 453
419 1692 386 1781 453
420 1692 386 1781 453
421 1702 385 1791 452
422 1702 385 1791 452
423 1702 385 1791 452
424 1721 382 1810 449
425 1721 382 1810 449
426 1721 382 1810 449
427 1731 381 1820 448
428 1731 381 1820 448
429 1731 381 1820 448
430 1750 379 1839 446
431 1750 379 1839 446
432 1750 379 1839 446
433 1761 378 1850 445
434 1761 378 1850 445
435 1761 378 1850 445
436 1779 376 1868 443
437 1779 376 1868 443
438 1779 376 1868 443
439 1789 375 1878 442
440 1789 375 1878 442
441 1789 375 1878 442
442 1809 373 1896 439
443 1809 373 1896 439
444 1809 373 1896 439
445 1819 372 1906 438
446 1819 372 1906 438
447 1819 372 1906 438
448 1838 370 1925 436
449 1838 370 1925 436
450 1838 370 1925 436
451 1848 369 1935 435
452 1848 369 1935 435
453 1848 369 1935 435
454 1867 367 1954 433
455 1867 367 1954 433
456 1867 367 1954 433
457 1876 365 1963 431
458 1876 365 1963 431
459 1876 365 1963 431
460 1876 362 1963 428
461 1876 362 1963 428
462 1876 362 1963 428
463 1876 361 1963 427
464 1876 361 1963 427
465 1876 361 1963 427
466 1876 390 1963 456
467 1876 390 1963 456
468 1876 390 1963 456
469 0 0 0 0
470 0 0 0 0
471 0 0 0 0
472 0 0 0 0
473 0 0 0 0
474 0 0 0 0
475 0 0 0 0
476 0 0 0 0
477 0 0 0 0
478 0 0 0 0
479 0 0 0 0
480 0 0 0 0
481 0 0 0 0
482 0 0 0 0
483 0 0 0 0
484 0 0 0 0
485 0 0 0 0
486 0 0 0 0
487 0 0 0 0
488 0 0 0 0
489 0 0 0 0
490 0 0 0 0
491 0 0 0 0
492 0 0 0 0
493 0 0 0 0
494 0 0 0 0
495 0 0 0 0
496 0 0 0 0
497 0 0 0 0
498 0 0 0 0
499 0 0 0 0
500 0 0 0 0
501 0 0 0 0
502 0 0 0 0
503 0 0 0 0
504 0 0 0 0
505 0 0 0 0
506 0 0 0 0
507 0 0 0 0
508 0 0 0 0
509 0 0 0 0
510 0 0 0 0
511 0 0 0 0
512 0 0 0 0
513 0 0 0 0
