409 -1 -1 -1 -1
0 1495 721 1730 851

1 1495 721 1730 851
2 1495 721 1730 851
3 1483 717 1723 850
4 1483 717 1723 850
5 1483 717 1723 850
6 1483 717 1723 850
7 1469 706 1704 836
8 1469 706 1704 836
9 1469 706 1704 836
10 1460 704 1690 831
11 1460 704 1690 831
12 1460 704 1690 831
13 1448 695 1669 818
14 1448 695 1669 818
15 1448 695 1669 818
16 1438 692 1659 815
17 1438 692 1659 815
18 1438 692 1659 815
19 1426 682 1643 802
20 1426 682 1643 802
21 1426 682 1643 802
22 1417 679 1634 799
23 1417 679 1634 799
24 1417 679 1634 799
25 1410 674 1623 792
26 1410 674 1623 792
27 1410 674 1623 792
28 1400 666 1605 779
29 1400 666 1605 779
30 1400 666 1605 779
31 1387 660 1588 771
32 1387 660 1588 771
33 1387 660 1588 771
34 1378 657 1583 770
35 1378 657 1583 770
36 1378 657 1583 770
37 1369 648 1566 757
38 1369 648 1566 757
39 1369 648 1566 757
40 1363 648 1556 755
41 1363 648 1556 755
42 1363 648 1556 755
43 1353 639 1542 744
44 1353 639 1542 744
45 1353 639 1542 744
46 1351 640 1533 740
47 1351 640 1533 740
48 1351 640 1533 740
49 1342 632 1517 729
50 1342 632 1517 729
51 1342 632 1517 729
52 1336 630 1511 727
53 1336 630 1511 727
54 1336 630 1511 727
55 1326 622 1497 717
56 1326 622 1497 717
57 1326 622 1497 717
58 1321 621 1489 714
59 1321 621 1489 714
60 1321 621 1489 714
61 1314 615 1475 704
62 1314 615 1475 704
63 1314 615 1475 704
64 1309 614 1470 703
65 1309 614 1470 703
66 1309 614 1470 703
67 1300 605 1461 694
68 1300 605 1461 694
69 1300 605 1461 694
70 1290 601 1461 696
71 1290 601 1461 696
72 1290 601 1461 696
73 1285 598 1453 691
74 1285 598 1453 691
75 1285 598 1453 691
76 1279 591 1444 682
77 1279 591 1444 682
78 1279 591 1444 682
79 1272 589 1433 678
80 1272 589 1433 678
81 1272 589 1433 678
82 1270 586 1428 673
83 1270 586 1428 673
84 1270 586 1428 673
85 1260 578 1421 667
86 1260 578 1421 667
87 1260 578 1421 667
88 1258 578 1416 665
89 1258 578 1416 665
90 1258 578 1416 665
91 1253 571 1408 657
92 1253 571 1408 657
93 1253 571 1408 657
94 1250 571 1402 655
95 1250 571 1402 655
96 1250 571 1402 655
97 1246 563 1398 647
98 1246 563 1398 647
99 1246 563 1398 647
100 1244 563 1393 645
101 1244 563 1393 645
102 1244 563 1393 645
103 1242 558 1385 637
104 1242 558 1385 637
105 1242 558 1385 637
106 1239 556 1382 635
107 1239 556 1382 635
108 1239 556 1382 635
109 1237 554 1377 632
110 1237 554 1377 632
111 1237 554 1377 632
112 1231 546 1374 625
113 1231 546 1374 625
114 1231 546 1374 625
115 1234 543 1374 621
116 1234 543 1374 621
117 1234 543 1374 621
118 1233 542 1371 618
119 1233 542 1371 618
120 1233 542 1371 618
121 1228 534 1363 609
122 1228 534 1363 609
123 1228 534 1363 609
124 1225 533 1360 608
125 1225 533 1360 608
126 1225 533 1360 608
127 1228 529 1363 604
128 1228 529 1363 604
129 1228 529 1363 604
130 1219 527 1354 602
131 1219 527 1354 602
132 1219 527 1354 602
133 1228 525 1360 598
134 1228 525 1360 598
135 1228 525 1360 598
136 1218 518 1350 591
137 1218 518 1350 591
138 1218 518 1350 591
139 1223 517 1355 590
140 1223 517 1355 590
141 1223 517 1355 590
142 1215 513 1345 585
143 1215 513 1345 585
144 1215 513 1345 585
145 1216 510 1348 583
146 1216 510 1348 583
147 1216 510 1348 583
148 1213 505 1345 578
149 1213 505 1345 578
150 1213 505 1345 578
151 1208 499 1340 572
152 1208 499 1340 572
153 1208 499 1340 572
154 1206 497 1344 573
155 1206 497 1344 573
156 1206 497 1344 573
157 1202 490 1340 566
158 1202 490 1340 566
159 1202 490 1340 566
160 1205 489 1343 565
161 1205 489 1343 565
162 1205 489 1343 565
163 1205 485 1343 561
164 1205 485 1343 561
165 1205 485 1343 561
166 1207 485 1345 561
167 1207 485 1345 561
168 1207 485 1345 561
169 1203 479 1341 555
170 1203 479 1341 555
171 1203 479 1341 555
172 1206 477 1344 553
173 1206 477 1344 553
174 1206 477 1344 553
175 1205 472 1343 548
176 1205 472 1343 548
177 1205 472 1343 548
178 1208 471 1346 547
179 1208 471 1346 547
180 1208 471 1346 547
181 1207 466 1345 542
182 1207 466 1345 542
183 1207 466 1345 542
184 1209 465 1349 543
185 1209 465 1349 543
186 1209 465 1349 543
187 1212 460 1350 536
188 1212 460 1350 536
189 1212 460 1350 536
190 1213 459 1353 537
191 1213 459 1353 537
192 1213 459 1353 537
193 1216 454 1354 530
194 1216 454 1354 530
195 1216 454 1354 530
196 1218 454 1356 530
197 1218 454 1356 530
198 1218 454 1356 530
199 1221 448 1356 523
200 1221 448 1356 523
201 1221 448 1356 523
202 1227 448 1362 523
203 1227 448 1362 523
204 1227 448 1362 523
205 1229 442 1364 517
206 1229 442 1364 517
207 1229 442 1364 517
208 1232 443 1367 518
209 1232 443 1367 518
210 1232 443 1367 518
211 1237 437 1372 512
212 1237 437 1372 512
213 1237 437 1372 512
214 1241 437 1376 512
215 1241 437 1376 512
216 1241 437 1376 512
217 1245 431 1383 507
218 1245 431 1383 507
219 1245 431 1383 507
220 1250 431 1385 506
221 1250 431 1385 506
222 1250 431 1385 506
223 1257 425 1392 500
224 1257 425 1392 500
225 1257 425 1392 500
226 1262 427 1394 500
227 1262 427 1394 500
228 1262 427 1394 500
229 1269 423 1401 496
230 1269 423 1401 496
231 1269 423 1401 496
232 1272 422 1407 497
233 1272 422 1407 497
234 1272 422 1407 497
235 1280 417 1415 492
236 1280 417 1415 492
237 1280 417 1415 492
238 1285 417 1420 492
239 1285 417 1420 492
240 1285 417 1420 492
241 1294 413 1426 486
242 1294 413 1426 486
243 1294 413 1426 486
244 1300 413 1432 486
245 1300 413 1432 486
246 1300 413 1432 486
247 1300 413 1432 486
248 1310 412 1440 484
249 1310 412 1440 484
250 1310 412 1440 484
251 1314 409 1446 482
252 1314 409 1446 482
253 1314 409 1446 482
254 1324 408 1454 480
255 1324 408 1454 480
256 1324 408 1454 480
257 1331 407 1461 479
258 1331 407 1461 479
259 1331 407 1461 479
260 1339 404 1469 476
261 1339 404 1469 476
262 1339 404 1469 476
263 1352 403 1482 475
264 1352 403 1482 475
265 1352 403 1482 475
266 1359 401 1486 471
267 1359 401 1486 471
268 1359 401 1486 471
269 1364 400 1491 470
270 1364 400 1491 470
271 1364 400 1491 470
272 1373 397 1500 467
273 1373 397 1500 467
274 1373 397 1500 467
275 1383 397 1510 467
276 1383 397 1510 467
277 1383 397 1510 467
278 1392 396 1519 466
279 1392 396 1519 466
280 1392 396 1519 466
281 1401 395 1528 465
282 1401 395 1528 465
283 1401 395 1528 465
284 1423 398 1550 468
285 1423 398 1550 468
286 1423 398 1550 468
287 1426 394 1551 463
288 1426 394 1551 463
289 1426 394 1551 463
290 1433 396 1558 465
291 1433 396 1558 465
292 1433 396 1558 465
293 1440 398 1562 466
294 1440 398 1562 466
295 1440 398 1562 466
296 1447 396 1569 464
297 1447 396 1569 464
298 1447 396 1569 464
299 1467 390 1587 456
300 1467 390 1587 456
301 1467 390 1587 456
302 1496 384 1616 450
303 1496 384 1616 450
304 1496 384 1616 450
305 1498 386 1618 452
306 1498 386 1618 452
307 1498 386 1618 452
308 1499 382 1619 448
309 1499 382 1619 448
310 1499 382 1619 448
311 1513 379 1633 445
312 1513 379 1633 445
313 1513 379 1633 445
314 1521 379 1641 445
315 1521 379 1641 445
316 1521 379 1641 445
317 1529 379 1647 444
318 1529 379 1647 444
319 1529 379 1647 444
320 1543 377 1661 442
321 1543 377 1661 442
322 1543 377 1661 442
323 1557 375 1675 440
324 1557 375 1675 440
325 1557 375 1675 440
326 1565 374 1683 439
327 1565 374 1683 439
328 1565 374 1683 439
329 1572 374 1690 439
330 1572 374 1690 439
331 1572 374 1690 439
332 1584 371 1704 437
333 1584 371 1704 437
334 1584 371 1704 437
335 1599 370 1719 436
336 1599 370 1719 436
337 1599 370 1719 436
338 1610 369 1728 434
339 1610 369 1728 434
340 1610 369 1728 434
341 1618 368 1736 433
342 1618 368 1736 433
343 1618 368 1736 433
344 1630 364 1750 430
345 1630 364 1750 430
346 1630 364 1750 430
347 1646 363 1766 429
348 1646 363 1766 429
349 1646 363 1766 429
350 1657 363 1775 428
351 1657 363 1775 428
352 1657 363 1775 428
353 1664 362 1782 427
354 1664 362 1782 427
355 1664 362 1782 427
356 1678 359 1793 423
357 1678 359 1793 423
358 1678 359 1793 423
359 1695 359 1810 423
360 1695 359 1810 423
361 1695 359 1810 423
362 1703 357 1821 422
363 1703 357 1821 422
364 1703 357 1821 422
365 1711 356 1829 421
366 1711 356 1829 421
367 1711 356 1829 421
368 1723 352 1843 418
369 1723 352 1843 418
370 1723 352 1843 418
371 1738 351 1860 419
372 1738 351 1860 419
373 1738 351 1860 419
374 1748 349 1870 417
375 1748 349 1870 417
376 1748 349 1870 417
377 1758 349 1878 415
378 1758 349 1878 415
379 1758 349 1878 415
380 1771 347 1893 415
381 1771 347 1893 415
382 1771 347 1893 415
383 1786 345 1908 413
384 1786 345 1908 413
385 1786 345 1908 413
386 1796 343 1918 411
387 1796 343 1918 411
388 1796 343 1918 411
389 1806 343 1926 409
390 1806 343 1926 409
391 1806 343 1926 409
392 1820 342 1940 408
393 1820 342 1940 408
394 1820 342 1940 408
395 1836 341 1956 407
396 1836 341 1956 407
397 1836 341 1956 407
398 1846 343 1966 409
399 1846 343 1966 409
400 1846 343 1966 409
401 1852 344 1972 410
402 1852 344 1972 410
403 1852 344 1972 410
404 1852 344 1972 410
405 1852 344 1972 410
406 1852 344 1972 410
407 1852 344 1972 410
408 1852 344 1972 410
409 1852 344 1972 410
