492 -1 -1 -1 -1
0 164 120 242 175

1 164 120 242 175
2 164 120 242 175
3 168 123 246 178
4 168 123 246 178
5 168 123 246 178
6 170 124 248 179
7 170 124 248 179
8 170 124 248 179
9 173 127 253 183
10 173 127 253 183
11 173 127 253 183
12 175 128 253 183
13 175 128 253 183
14 175 128 253 183
15 181 132 257 186
16 181 132 257 186
17 181 132 257 186
18 183 133 258 186
19 183 133 258 186
20 183 133 258 186
21 186 136 264 191
22 186 136 264 191
23 186 136 264 191
24 187 137 267 193
25 187 137 267 193
26 187 137 267 193
27 192 140 268 194
28 192 140 268 194
29 192 140 268 194
30 194 141 270 195
31 194 141 270 195
32 194 141 270 195
33 197 145 275 200
34 197 145 275 200
35 197 145 275 200
36 202 147 277 200
37 202 147 277 200
38 202 147 277 200
39 206 152 280 204
40 206 152 280 204
41 206 152 280 204
42 207 153 281 205
43 207 153 281 205
44 207 153 281 205
45 211 156 285 208
46 211 156 285 208
47 211 156 285 208
48 214 157 288 209
49 214 157 288 209
50 214 157 288 209
51 218 160 293 213
52 218 160 293 213
53 218 160 293 213
54 220 163 295 216
55 220 163 295 216
56 220 163 295 216
57 224 166 300 220
58 224 166 300 220
59 224 166 300 220
60 225 165 305 221
61 225 165 305 221
62 225 165 305 221
63 230 170 310 226
64 230 170 310 226
65 230 170 310 226
66 232 171 313 228
67 232 171 313 228
68 232 171 313 228
69 236 175 319 233
70 236 175 319 233
71 236 175 319 233
72 238 175 324 236
73 238 175 324 236
74 238 175 324 236
75 241 179 329 241
76 241 179 329 241
77 241 179 329 241
78 246 181 329 239
79 246 181 329 239
80 246 181 329 239
81 252 186 335 244
82 252 186 335 244
83 252 186 335 244
84 254 187 338 247
85 254 187 338 247
86 254 187 338 247
87 257 190 345 252
88 257 190 345 252
89 257 190 345 252
90 259 191 347 253
91 259 191 347 253
92 259 191 347 253
93 264 196 352 258
94 264 196 352 258
95 264 196 352 258
96 267 197 357 260
97 267 197 357 260
98 267 197 357 260
99 272 201 362 264
100 272 201 362 264
101 272 201 362 264
102 276 203 366 266
103 276 203 366 266
104 276 203 366 266
105 282 209 370 271
106 282 209 370 271
107 282 209 370 271
108 284 210 374 273
109 284 210 374 273
110 284 210 374 273
111 291 216 379 278
112 291 216 379 278
113 291 216 379 278
114 294 218 382 280
115 294 218 382 280
116 294 218 382 280
117 299 223 387 285
118 299 223 387 285
119 299 223 387 285
120 302 224 392 287
121 302 224 392 287
122 302 224 392 287
123 308 229 398 292
124 308 229 398 292
125 308 229 398 292
126 311 230 402 294
127 311 230 402 294
128 311 230 402 294
129 317 236 408 300
130 317 236 408 300
131 317 236 408 300
132 321 238 412 302
133 321 238 412 302
134 321 238 412 302
135 326 243 417 307
136 326 243 417 307
137 326 243 417 307
138 330 245 421 309
139 330 245 421 309
140 330 245 421 309
141 336 250 427 314
142 336 250 427 314
143 336 250 427 314
144 339 254 430 318
145 339 254 430 318
146 339 254 430 318
147 345 258 438 324
148 345 258 438 324
149 345 258 438 324
150 350 261 443 327
151 350 261 443 327
152 350 261 443 327
153 356 266 449 332
154 356 266 449 332
155 356 266 449 332
156 360 269 453 335
157 360 269 453 335
158 360 269 453 335
159 367 274 462 341
160 367 274 462 341
161 367 274 462 341
162 371 275 466 342
163 371 275 466 342
164 371 275 466 342
165 380 280 475 347
166 380 280 475 347
167 380 280 475 347
168 385 284 480 351
169 385 284 480 351
170 385 284 480 351
171 390 290 485 357
172 390 290 485 357
173 390 290 485 357
174 395 296 486 360
175 395 296 486 360
176 395 296 486 360
177 406 306 497 370
178 406 306 497 370
179 406 306 497 370
180 409 308 502 374
181 409 308 502 374
182 409 308 502 374
183 416 314 511 381
184 416 314 511 381
185 416 314 511 381
186 420 316 517 384
187 420 316 517 384
188 420 316 517 384
189 427 322 526 392
190 427 322 526 392
191 427 322 526 392
192 432 326 533 397
193 432 326 533 397
194 432 326 533 397
195 439 331 542 404
196 439 331 542 404
197 439 331 542 404
198 445 336 546 407
199 445 336 546 407
200 445 336 546 407
201 453 341 556 414
202 453 341 556 414
203 453 341 556 414
204 459 347 562 420
205 459 347 562 420
206 459 347 562 420
207 467 353 572 427
208 467 353 572 427
209 467 353 572 427
210 472 357 579 433
211 472 357 579 433
212 472 357 579 433
213 481 365 588 441
214 481 365 588 441
215 481 365 588 441
216 487 370 594 446
217 487 370 594 446
218 487 370 594 446
219 497 376 606 453
220 497 376 606 453
221 497 376 606 453
222 502 382 611 459
223 502 382 611 459
224 502 382 611 459
225 512 390 623 469
226 512 390 623 469
227 512 390 623 469
228 519 396 628 473
229 519 396 628 473
230 519 396 628 473
231 529 402 640 481
232 529 402 640 481
233 529 402 640 481
234 535 409 646 488
235 535 409 646 488
236 535 409 646 488
237 545 415 661 497
238 545 415 661 497
239 545 415 661 497
240 553 422 667 502
241 553 422 667 502
242 553 422 667 502
243 564 430 680 512
244 564 430 680 512
245 564 430 680 512
246 570 436 688 519
247 570 436 688 519
248 570 436 688 519
249 581 444 702 529
250 581 444 702 529
251 581 444 702 529
252 588 451 709 536
253 588 451 709 536
254 588 451 709 536
255 601 461 722 546
256 601 461 722 546
257 601 461 722 546
258 608 467 731 554
259 608 467 731 554
260 608 467 731 554
261 622 478 745 565
262 622 478 745 565
263 622 478 745 565
264 628 484 753 572
265 628 484 753 572
266 628 484 753 572
267 643 496 771 586
268 643 496 771 586
269 643 496 771 586
270 652 504 777 592
271 652 504 777 592
272 652 504 777 592
273 669 517 794 605
274 669 517 794 605
275 669 517 794 605
276 675 524 803 614
277 675 524 803 614
278 675 524 803 614
279 692 537 820 627
280 692 537 820 627
281 692 537 820 627
282 701 545 829 635
283 701 545 829 635
284 701 545 829 635
285 718 561 846 651
286 718 561 846 651
287 718 561 846 651
288 727 569 855 659
289 727 569 855 659
290 727 569 855 659
291 744 584 875 676
292 744 584 875 676
293 744 584 875 676
294 753 591 884 683
295 753 591 884 683
296 753 591 884 683
297 774 608 905 700
298 774 608 905 700
299 774 608 905 700
300 785 617 916 709
301 785 617 916 709
302 785 617 916 709
303 805 634 936 726
304 805 634 936 726
305 805 634 936 726
306 816 644 947 736
307 816 644 947 736
308 816 644 947 736
309 838 661 974 757
310 838 661 974 757
311 838 661 974 757
312 849 671 985 767
313 849 671 985 767
314 849 671 985 767
315 873 691 1012 789
316 873 691 1012 789
317 873 691 1012 789
318 884 702 1023 800
319 884 702 1023 800
320 884 702 1023 800
321 912 724 1051 822
322 912 724 1051 822
323 912 724 1051 822
324 927 735 1066 833
325 927 735 1066 833
326 927 735 1066 833
327 953 760 1092 858
328 953 760 1092 858
329 953 760 1092 858
330 968 772 1107 870
331 968 772 1107 870
332 968 772 1107 870
333 996 795 1135 893
334 996 795 1135 893
335 996 795 1135 893
336 1012 804 1153 904
337 1012 804 1153 904
338 1012 804 1153 904
339 1040 820 1181 920
340 1040 820 1181 920
341 1040 820 1181 920
342 1031 799 1175 901
343 1031 799 1175 901
344 1031 799 1175 901
345 1038 778 1182 880
346 1038 778 1182 880
347 1038 778 1182 880
348 1056 793 1200 895
349 1056 793 1200 895
350 1056 793 1200 895
351 1090 819 1231 919
352 1090 819 1231 919
353 1090 819 1231 919
354 0 0 0 0
355 0 0 0 0
356 0 0 0 0
357 0 0 0 0
358 0 0 0 0
359 0 0 0 0
360 0 0 0 0
361 0 0 0 0
362 0 0 0 0
363 0 0 0 0
364 0 0 0 0
365 0 0 0 0
366 0 0 0 0
367 0 0 0 0
368 0 0 0 0
369 0 0 0 0
370 0 0 0 0
371 0 0 0 0
372 0 0 0 0
373 0 0 0 0
374 0 0 0 0
375 0 0 0 0
376 0 0 0 0
377 0 0 0 0
378 0 0 0 0
379 0 0 0 0
380 0 0 0 0
381 0 0 0 0
382 0 0 0 0
383 0 0 0 0
384 0 0 0 0
385 0 0 0 0
386 0 0 0 0
387 0 0 0 0
388 0 0 0 0
389 0 0 0 0
390 0 0 0 0
391 0 0 0 0
392 0 0 0 0
393 0 0 0 0
394 0 0 0 0
395 0 0 0 0
396 0 0 0 0
397 0 0 0 0
398 0 0 0 0
399 0 0 0 0
400 0 0 0 0
401 0 0 0 0
402 0 0 0 0
403 0 0 0 0
404 0 0 0 0
405 0 0 0 0
406 0 0 0 0
407 0 0 0 0
408 0 0 0 0
409 0 0 0 0
410 0 0 0 0
411 0 0 0 0
412 0 0 0 0
413 0 0 0 0
414 0 0 0 0
415 0 0 0 0
416 0 0 0 0
417 0 0 0 0
418 0 0 0 0
419 0 0 0 0
420 0 0 0 0
421 0 0 0 0
422 0 0 0 0
423 0 0 0 0
424 0 0 0 0
425 0 0 0 0
426 0 0 0 0
427 0 0 0 0
428 0 0 0 0
429 0 0 0 0
430 0 0 0 0
431 0 0 0 0
432 0 0 0 0
433 0 0 0 0
434 0 0 0 0
435 0 0 0 0
436 0 0 0 0
437 0 0 0 0
438 0 0 0 0
439 0 0 0 0
440 0 0 0 0
441 0 0 0 0
442 0 0 0 0
443 0 0 0 0
444 0 0 0 0
445 0 0 0 0
446 0 0 0 0
447 0 0 0 0
448 0 0 0 0
449 0 0 0 0
450 0 0 0 0
451 0 0 0 0
452 0 0 0 0
453 0 0 0 0
454 0 0 0 0
455 0 0 0 0
456 0 0 0 0
457 0 0 0 0
458 0 0 0 0
459 0 0 0 0
460 0 0 0 0
461 0 0 0 0
462 0 0 0 0
463 0 0 0 0
464 0 0 0 0
465 0 0 0 0
466 0 0 0 0
467 0 0 0 0
468 0 0 0 0
469 0 0 0 0
470 0 0 0 0
471 0 0 0 0
472 0 0 0 0
473 0 0 0 0
474 0 0 0 0
475 0 0 0 0
476 0 0 0 0
477 0 0 0 0
478 0 0 0 0
479 0 0 0 0
480 0 0 0 0
481 0 0 0 0
482 0 0 0 0
483 0 0 0 0
484 0 0 0 0
485 0 0 0 0
486 0 0 0 0
487 0 0 0 0
488 0 0 0 0
489 0 0 0 0
490 0 0 0 0
491 0 0 0 0
492 0 0 0 0
493 0 0 0 0
