884 -1 -1 -1 -1
0 1314 673 1643 880
1 1317 673 1644 879
2 1311 670 1637 878
3 1311 669 1635 876
4 1312 668 1633 874
5 1314 672 1631 875
6 1303 663 1609 878
7 1297 661 1607 880
8 1299 659 1602 879
9 1297 655 1601 877
10 1290 651 1599 875
11 1290 652 1592 873
12 1284 653 1590 874
13 1284 654 1586 879
14 1280 649 1579 880
15 1276 652 1584 870
16 1276 650 1575 876
17 1278 649 1580 874
18 1267 642 1564 871
19 1270 640 1562 869
20 1264 637 1557 867
21 1262 641 1555 865
22 1260 641 1553 863
23 1258 640 1551 861
24 1253 635 1542 860
25 1252 632 1540 858
26 1250 634 1533 859
27 1248 628 1535 860
28 1243 629 1533 858
29 1247 633 1531 856
30 1237 622 1518 850
31 1236 624 1516 848
32 1231 621 1514 846
33 1232 621 1512 844
34 1225 618 1512 842
35 1225 617 1510 840
36 1220 622 1502 836
37 1221 618 1500 834
38 1217 614 1488 833
39 1216 614 1491 829
40 1216 610 1484 831
41 1212 613 1482 830
42 1206 607 1480 828
43 1201 608 1478 824
44 1197 606 1476 822
45 1198 604 1474 822
46 1194 602 1472 815
47 1196 604 1470 813
48 1190 600 1468 811
49 1190 596 1455 811
50 1185 595 1450 804
51 1181 594 1446 809
52 1182 591 1446 803
53 1183 596 1446 804
54 1173 589 1436 800
55 1171 587 1434 794
56 1166 590 1432 793
57 1167 588 1430 789
58 1158 586 1428 792
59 1160 584 1420 794
60 1154 582 1414 787
61 1157 580 1412 790
62 1152 578 1410 778
63 1150 576 1404 781
64 1152 576 1402 779
65 1152 581 1415 779
66 1139 572 1389 776
67 1142 571 1387 774
68 1133 569 1385 765
69 1133 567 1381 768
70 1129 565 1379 761
71 1130 564 1377 759
72 1124 562 1368 759
73 1125 561 1369 760
74 1119 558 1362 750
75 1120 557 1363 749
76 1117 554 1358 747
77 1118 551 1363 751
78 1108 549 1348 745
79 1109 552 1346 743
80 1105 549 1344 739
81 1105 547 1342 735
82 1098 547 1334 732
83 1097 545 1333 744
84 1090 539 1326 738
85 1092 543 1328 726
86 1086 541 1320 724
87 1089 539 1318 725
88 1090 544 1321 731
89 1086 539 1314 721
90 1077 534 1312 719
91 1076 535 1303 721
92 1073 532 1298 715
93 1072 531 1297 714
94 1065 528 1294 711
95 1064 526 1292 709
96 1062 521 1284 707
97 1059 522 1286 704
98 1055 509 1272 702
99 1055 511 1274 704
100 1052 513 1276 700
101 1052 515 1279 697
102 1044 514 1267 691
103 1044 516 1265 689
104 1039 513 1263 687
105 1039 510 1258 688
106 1034 507 1256 686
107 1034 505 1254 686
108 1029 502 1245 684
109 1032 506 1243 685
110 1024 504 1241 675
111 1026 501 1236 680
112 1024 503 1238 675
113 1025 501 1236 673
114 1012 497 1226 670
115 1013 493 1224 668
116 1009 491 1218 667
117 1008 489 1216 667
118 1004 487 1214 667
119 1007 491 1214 661
120 998 490 1205 660
121 1001 488 1208 658
122 993 486 1200 656
123 993 484 1200 654
124 992 483 1199 653
125 992 486 1199 656
126 983 479 1190 649
127 982 477 1186 644
128 977 479 1181 646
129 978 475 1182 642
130 972 471 1176 638
131 971 473 1175 640
132 968 465 1172 632
133 969 469 1173 636
134 962 467 1162 635
135 963 465 1161 633
136 964 468 1159 631
137 962 470 1158 631
138 954 464 1155 621
139 953 461 1150 620
140 948 459 1139 618
141 948 457 1137 616
142 943 455 1135 616
143 943 453 1133 613
144 940 454 1125 615
145 940 452 1123 611
146 935 454 1121 609
147 932 452 1118 607
148 933 450 1119 605
149 934 450 1120 605
150 924 446 1110 601
151 921 450 1107 605
152 916 445 1102 600
153 919 443 1105 598
154 912 439 1098 594
155 912 439 1098 594
156 908 434 1089 596
157 909 438 1090 588
158 907 437 1086 588
159 905 435 1084 586
160 903 435 1082 586
161 904 435 1084 582
162 897 431 1074 578
163 896 428 1073 576
164 890 427 1067 575
165 892 426 1069 574
166 886 427 1061 575
167 887 426 1063 570
168 881 422 1057 569
169 881 423 1057 570
170 879 421 1047 569
171 878 421 1050 565
172 876 420 1052 563
173 877 420 1050 565
174 868 415 1043 560
175 870 416 1045 561
176 864 413 1038 552
177 863 413 1037 553
178 859 408 1032 548
179 861 413 1025 552
180 857 407 1020 547
181 859 410 1022 550
182 855 405 1017 547
183 853 405 1017 546
184 850 408 1014 548
185 851 407 1017 546
186 843 400 1005 543
187 843 399 1007 540
188 838 400 1004 533
189 839 401 1003 536
190 837 395 1001 534
191 836 392 995 533
192 831 393 990 530
193 832 394 996 528
194 825 394 985 530
195 827 392 987 528
196 826 390 986 526
197 828 393 987 525
198 818 387 976 521
199 818 384 976 520
200 815 383 974 516
201 816 382 975 515
202 811 382 965 516
203 810 380 963 514
204 806 384 959 510
205 808 379 959 508
206 804 377 952 505
207 802 377 950 503
208 802 376 954 504
209 799 376 953 503
210 794 377 949 501
211 795 373 948 503
212 790 366 938 500
213 791 365 939 499
214 785 363 933 495
215 786 363 935 498
216 784 362 933 495
217 780 358 932 492
218 778 356 927 490
219 778 354 925 486
220 778 365 923 484
221 778 362 924 489
222 769 360 922 480
223 770 358 920 481
224 764 361 911 477
225 766 363 913 479
226 760 362 907 478
227 760 360 907 476
228 756 358 903 474
229 758 356 899 474
230 755 354 896 472
231 755 352 896 470
232 754 349 894 468
233 753 349 893 468
234 746 347 886 466
235 746 345 886 464
236 741 345 881 464
237 743 343 883 462
238 739 342 879 461
239 739 339 879 458
240 734 340 874 459
241 736 340 876 459
242 730 336 871 453
243 730 334 871 451
244 730 333 871 450
245 730 334 871 451
246 723 334 864 451
247 722 332 863 449
248 718 331 859 448
249 716 329 857 446
250 713 328 854 445
251 715 326 856 443
252 711 324 852 441
253 712 325 847 442
254 710 323 845 440
255 708 323 843 439
256 708 321 841 437
257 709 319 840 442
258 703 317 838 432
259 703 319 838 434
260 699 318 830 432
261 699 316 830 430
262 697 317 828 431
263 695 317 826 431
264 688 315 824 425
265 688 314 824 424
266 688 311 819 423
267 687 309 817 422
268 686 312 815 420
269 686 310 813 422
270 679 309 806 421
271 679 307 806 418
272 678 310 807 417
273 677 307 806 414
274 674 305 803 412
275 674 303 803 410
276 666 302 795 409
277 667 300 793 409
278 665 298 790 409
279 667 297 792 408
280 664 295 789 406
281 663 298 790 406
282 660 299 788 402
283 664 297 786 408
284 660 295 784 400
285 660 293 782 399
286 654 294 780 397
287 654 292 778 397
288 651 292 769 397
289 650 292 767 395
290 647 294 765 393
291 646 289 763 391
292 645 290 764 393
293 643 288 765 394
294 637 289 763 392
295 637 287 761 385
296 635 286 759 383
297 636 284 755 381
298 632 280 753 379
299 632 284 753 382
300 626 282 751 380
301 627 279 747 378
302 627 278 747 377
303 627 276 747 375
304 628 275 742 377
305 627 275 740 375
306 619 272 738 373
307 619 266 736 371
308 615 267 732 372
309 615 272 733 371
310 614 271 731 369
311 613 269 730 367
312 610 267 727 365
313 608 265 725 363
314 604 267 721 365
315 606 265 723 363
316 607 263 724 361
317 604 262 721 360
318 598 260 715 358
319 599 258 716 356
320 596 259 713 357
321 595 256 712 354
322 594 256 703 355
323 594 253 703 352
324 590 256 702 352
325 589 258 704 353
326 589 256 704 351
327 585 253 700 348
328 586 251 701 346
329 586 249 701 344
330 578 249 693 344
331 580 251 695 346
332 576 251 691 346
333 575 252 690 347
334 572 250 687 345
335 573 250 688 345
336 572 247 687 342
337 569 244 684 339
338 568 248 681 339
339 567 247 680 338
340 566 251 679 342
341 566 250 679 341
342 563 248 676 339
343 561 245 674 336
344 556 244 669 335
345 556 244 669 334
346 551 243 664 333
347 555 241 664 331
348 549 239 658 329
349 551 239 660 329
350 547 237 660 327
351 548 236 661 326
352 547 235 660 325
353 548 235 659 330
354 544 233 655 328
355 544 232 655 327
356 539 230 650 325
357 540 228 651 323
358 534 226 645 321
359 535 225 646 320
360 533 224 644 319
361 533 227 644 322
362 531 225 642 320
363 528 226 639 321
364 530 225 641 320
365 530 223 641 318
366 527 221 638 316
367 526 222 637 317
368 520 220 631 315
369 523 218 628 311
370 518 218 623 311
371 516 216 621 309
372 516 214 621 307
373 515 213 620 306
374 517 212 622 305
375 512 222 614 306
376 510 220 612 304
377 512 218 614 302
378 506 217 612 303
379 506 215 612 301
380 504 213 610 299
381 504 212 610 298
382 503 213 609 299
383 502 213 608 299
384 500 212 606 298
385 498 212 604 298
386 498 210 604 296
387 497 208 603 294
388 496 207 602 293
389 497 208 600 295
390 489 205 592 292
391 492 203 595 290
392 488 203 591 290
393 490 202 593 289
394 486 200 589 287
395 485 201 588 288
396 484 199 587 286
397 481 200 584 287
398 481 198 584 285
399 479 196 582 283
400 481 196 584 283
401 478 199 582 286
402 472 197 576 284
403 472 196 576 283
404 471 194 575 281
405 473 193 577 280
406 468 194 572 281
407 469 192 573 279
408 468 190 566 274
409 469 188 567 272
410 467 187 565 271
411 465 189 563 273
412 465 188 563 272
413 463 188 561 272
414 461 187 559 271
415 461 189 557 270
416 458 187 554 268
417 457 187 553 268
418 454 185 550 266
419 455 186 551 267
420 452 183 548 264
421 452 180 548 261
422 451 182 547 263
423 452 180 548 261
424 450 180 546 261
425 450 180 546 261
426 445 182 541 263
427 444 179 540 260
428 443 179 533 258
429 441 178 531 257
430 439 176 533 258
431 441 175 535 257
432 439 174 527 255
433 440 172 528 253
434 438 172 526 253
435 436 172 526 251
436 435 173 525 252
437 435 171 525 250
438 433 163 518 248
439 432 165 517 250
440 430 163 515 250
441 431 162 516 249
442 429 167 516 247
443 429 165 516 245
444 425 163 512 243
445 424 163 511 243
446 423 163 510 243
447 423 165 510 245
448 422 163 509 243
449 421 161 508 241
450 419 161 506 241
451 417 162 504 242
452 416 162 503 242
453 414 161 501 241
454 413 159 500 239
455 411 157 500 237
456 409 155 498 235
457 409 155 498 235
458 407 154 496 234
459 405 153 494 233
460 408 151 497 231
461 406 156 495 234
462 404 154 493 232
463 401 152 490 230
464 400 151 489 229
465 400 150 489 228
466 398 150 484 227
467 399 148 485 225
468 397 147 483 224
469 392 150 481 225
470 393 148 482 223
471 391 148 481 223
472 391 146 481 221
473 392 146 482 221
474 390 147 477 219
475 388 147 475 219
476 388 149 475 221
477 387 147 474 219
478 386 145 473 217
479 384 146 471 218
480 383 146 470 218
481 382 145 469 217
482 381 143 468 215
483 380 143 467 215
484 380 141 467 213
485 380 147 466 213
486 377 145 463 211
487 373 143 461 214
488 378 137 459 212
489 375 135 456 210
490 375 135 456 210
491 374 135 455 210
492 372 138 453 211
493 370 135 451 208
494 369 135 450 208
495 370 135 451 208
496 368 135 449 208
497 367 134 448 207
498 367 132 448 205
499 368 133 448 205
500 363 131 443 203
501 356 139 441 201
502 358 137 439 202
503 361 134 442 199
504 360 132 441 197
505 358 130 439 199
506 358 129 439 198
507 358 129 439 198
508 360 128 441 197
509 358 136 435 199
510 357 135 434 198
511 356 130 432 195
512 351 135 434 197
513 350 132 432 198
514 348 129 430 195
515 346 126 428 192
516 345 126 427 192
517 345 124 427 190
518 345 123 427 189
519 346 128 425 190
520 346 126 425 188
521 346 125 425 187
522 344 125 423 187
523 342 128 421 190
524 342 126 421 188
525 341 125 420 187
526 339 123 418 185
527 339 123 418 185
528 337 122 416 184
529 337 121 416 183
530 335 121 414 183
531 334 120 413 182
532 334 119 413 181
533 335 120 414 182
534 330 118 406 180
535 329 117 405 179
536 328 118 404 180
537 326 115 402 177
538 324 113 405 177
539 326 113 400 181
540 326 114 400 182
541 323 114 399 180
542 324 112 400 178
543 322 112 398 178
544 322 110 398 176
545 321 111 397 177
546 320 109 396 175
547 320 107 396 173
548 318 108 394 174
549 319 112 395 174
550 317 110 393 172
551 314 108 390 170
552 315 108 391 170
553 313 108 389 170
554 312 109 388 171
555 312 107 388 169
556 313 105 389 167
557 312 105 388 167
558 310 105 386 167
559 309 103 385 165
560 309 104 385 166
561 308 102 384 164
562 306 105 382 167
563 305 103 381 165
564 305 101 381 163
565 303 101 379 163
566 304 101 380 163
567 304 101 380 163
568 304 99 380 161
569 302 99 378 161
570 300 101 376 163
571 301 99 377 161
572 299 100 375 162
573 298 100 374 162
574 295 98 371 160
575 298 97 374 159
576 296 97 372 159
577 294 97 370 159
578 293 96 369 158
579 293 94 369 156
580 295 94 371 156
581 293 92 369 154
582 291 94 367 156
583 291 92 367 154
584 290 90 366 152
585 288 91 364 153
586 287 89 363 151
587 286 87 362 149
588 284 87 360 149
589 283 89 358 147
590 283 89 358 147
591 281 87 362 147
592 282 85 363 145
593 280 87 361 147
594 279 86 360 146
595 281 88 353 149
596 280 86 352 147
597 279 84 351 145
598 278 84 350 145
599 276 84 348 145
600 275 81 347 142
601 277 79 349 140
602 275 80 347 141
603 273 83 345 144
604 274 85 346 146
605 275 84 347 145
606 273 82 345 143
607 272 80 344 141
608 271 79 343 140
609 271 77 343 138
610 269 78 341 139
611 268 77 340 138
612 267 77 339 138
613 268 76 340 137
614 268 75 340 136
615 266 77 338 138
616 266 84 336 136
617 266 82 336 134
618 264 80 334 132
619 265 84 335 136
620 261 82 331 134
621 260 81 330 133
622 260 79 330 131
623 264 79 334 131
624 260 79 330 131
625 261 77 331 129
626 259 78 329 130
627 259 76 329 128
628 259 73 329 125
629 259 74 329 126
630 258 74 328 126
631 258 74 328 126
632 256 74 326 126
633 255 74 325 126
634 254 72 323 127
635 255 70 324 125
636 251 69 320 124
637 249 69 318 124
638 249 69 319 125
639 249 67 319 123
640 251 69 321 125
641 250 68 320 124
642 248 68 318 124
643 246 66 316 122
644 247 66 317 122
645 245 66 315 122
646 244 67 314 123
647 245 65 311 119
648 247 65 308 119
649 245 67 306 121
650 246 66 307 120
651 245 65 306 119
652 244 63 305 117
653 247 63 308 117
654 246 62 307 116
655 245 62 306 116
656 244 63 305 117
657 242 62 303 116
658 244 64 305 118
659 242 65 303 119
660 241 64 302 118
661 242 62 303 116
662 239 63 300 117
663 237 62 298 116
664 240 60 301 114
665 241 62 302 116
666 235 60 297 114
667 234 61 296 115
668 234 59 296 113
669 234 57 296 111
670 233 58 295 112
671 232 56 294 110
672 235 56 297 110
673 234 55 296 109
674 232 56 294 110
675 233 58 294 113
676 232 56 293 111
677 232 54 293 109
678 228 53 289 108
679 229 51 290 106
680 226 50 287 105
681 226 50 287 105
682 226 54 287 109
683 225 55 287 105
684 227 55 289 105
685 225 56 287 106
686 224 56 286 106
687 222 55 284 105
688 223 53 285 103
689 225 54 287 104
690 223 54 285 104
691 222 51 284 101
692 220 52 282 102
693 218 52 280 102
694 219 50 279 101
695 219 49 279 100
696 216 49 276 100
697 217 47 277 98
698 217 47 277 98
699 219 48 279 99
700 217 48 277 99
701 218 49 278 100
702 216 48 276 99
703 214 49 274 100
704 212 46 272 97
705 214 48 274 99
706 212 48 272 99
707 213 46 273 97
708 213 46 273 97
709 213 47 273 98
710 211 47 271 98
711 209 43 269 95
712 210 43 270 95
713 211 45 271 96
714 209 45 269 96
715 211 43 271 94
716 210 43 270 94
717 207 41 267 92
718 207 39 267 90
719 206 40 266 91
720 208 40 268 91
721 206 41 266 92
722 205 39 265 90
723 206 39 266 90
724 205 40 265 91
725 205 39 265 90
726 203 39 263 90
727 203 41 263 92
728 203 39 263 90
729 202 38 262 89
730 200 38 260 89
731 198 40 258 91
732 198 38 258 89
733 197 37 257 88
734 197 35 255 84
735 196 36 254 85
736 197 37 255 86
737 196 39 254 88
738 194 37 252 86
739 194 35 252 84
740 194 34 252 83
741 196 35 254 84
742 194 38 253 85
743 194 36 253 83
744 192 36 251 83
745 192 34 251 81
746 191 34 250 81
747 191 37 250 84
748 192 35 251 82
749 192 35 251 82
750 190 38 249 85
751 192 36 251 83
752 190 33 249 80
753 188 34 247 81
754 186 35 245 82
755 189 33 248 80
756 188 35 247 82
757 186 35 245 82
758 181 31 240 78
759 188 31 243 78
760 186 32 241 79
761 186 31 241 78
762 184 32 239 79
763 186 32 241 79
764 184 33 239 80
765 183 34 238 81
766 185 30 240 77
767 185 28 240 75
768 183 29 238 76
769 185 28 240 75
770 183 28 238 75
771 181 28 236 75
772 181 29 236 76
773 181 28 236 75
774 182 29 237 76
775 180 30 235 77
776 178 30 233 77
777 176 26 231 73
778 176 25 231 72
779 176 24 231 71
780 174 25 229 72
781 176 24 231 71
782 174 24 229 71
783 175 22 230 69
784 173 24 228 71
785 171 27 226 74
786 175 26 230 73
787 175 23 230 70
788 167 21 222 68
789 169 20 224 67
790 169 23 224 70
791 168 23 223 70
792 169 20 224 67
793 169 23 224 70
794 167 23 222 70
795 167 21 222 68
796 168 20 223 67
797 169 21 224 68
798 167 22 222 69
799 164 20 219 67
800 165 18 220 65
801 169 19 224 66
802 168 20 216 67
803 169 18 214 65
804 168 19 212 63
805 168 21 212 65
806 167 19 211 63
807 169 18 213 62
808 168 20 212 64
809 168 18 212 62
810 167 19 211 63
811 167 21 211 65
812 165 24 209 68
813 166 19 210 63
814 165 17 209 61
815 163 18 207 62
816 164 16 208 60
817 164 16 208 60
818 162 17 206 61
819 160 16 204 60
820 160 17 204 61
821 162 16 206 60
822 161 16 205 60
823 160 16 204 60
824 159 13 203 57
825 159 13 203 57
826 159 13 203 57
827 160 15 204 59
828 158 17 202 61
829 158 15 202 59
830 156 16 200 60
831 155 13 199 57
832 157 14 201 58
833 157 13 201 57
834 155 12 199 56
835 154 12 198 56
836 154 11 198 55
837 153 12 197 56
838 154 12 198 56
839 153 12 197 56
840 152 11 196 55
841 154 10 198 54
842 152 11 196 55
843 153 9 197 53
844 151 11 195 55
845 152 11 196 55
846 152 9 196 53
847 150 9 194 53
848 148 9 192 53
849 147 7 191 51
850 147 5 191 49
851 148 9 192 53
852 150 9 194 53
853 149 8 193 52
854 146 8 190 52
855 145 6 189 50
856 145 4 189 48
857 146 4 190 48
858 144 9 188 53
859 144 7 188 51
860 145 7 189 51
861 145 5 189 49
862 145 5 189 49
863 145 4 189 48
864 143 5 187 49
865 141 4 185 48
866 141 3 185 47
867 142 4 186 48
868 140 5 184 49
869 141 5 185 49
870 141 2 185 46
871 140 1 184 44
872 142 7 186 51
873 141 5 185 49
874 140 3 184 47
875 138 3 182 47
876 138 1 182 45
877 139 4 183 48
878 138 2 182 46
879 137 1 181 44
880 139 5 183 49
881 139 3 183 47
882 135 3 179 47
883 134 1 178 45
