653 -1 -1 -1 -1
0 1383 301 1536 375
1 1387 299 1540 373
2 1381 301 1534 375
3 1380 300 1533 374
4 1378 302 1531 376
5 1373 301 1526 375
6 1372 302 1525 376
7 1367 298 1520 372
8 1363 302 1516 376
9 1353 306 1506 380
10 1358 304 1511 378
11 1345 303 1498 377
12 1347 302 1500 376
13 1344 302 1497 376
14 1341 302 1494 376
15 1333 302 1486 376
16 1337 304 1490 378
17 1331 303 1484 377
18 1329 303 1483 375
19 1323 303 1477 375
20 1319 306 1473 378
21 1313 308 1467 380
22 1316 306 1470 378
23 1302 310 1456 382
24 1302 307 1456 379
25 1301 309 1455 381
26 1300 306 1454 378
27 1294 309 1448 381
28 1293 307 1447 379
29 1284 308 1438 380
30 1288 305 1442 377
31 1278 309 1432 381
32 1278 315 1433 381
33 1273 313 1428 379
34 1272 311 1428 380
35 1258 313 1414 382
36 1258 314 1413 382
37 1259 312 1414 380
38 1257 313 1414 378
39 1254 311 1412 385
40 1252 311 1406 383
41 1243 311 1397 383
42 1245 309 1399 381
43 1236 309 1390 381
44 1236 316 1390 385
45 1228 314 1382 383
46 1231 319 1384 385
47 1214 313 1372 385
48 1216 317 1369 384
49 1214 320 1369 381
50 1215 313 1370 386
51 1207 312 1362 385
52 1209 318 1364 385
53 1203 316 1358 383
54 1200 315 1355 382
55 1194 317 1349 384
56 1196 317 1351 384
57 1187 319 1342 386
58 1190 320 1345 387
59 1177 322 1332 389
60 1175 320 1330 387
61 1176 320 1331 387
62 1176 319 1331 386
63 1169 315 1324 382
64 1169 322 1322 393
65 1164 317 1317 388
66 1163 320 1317 388
67 1156 321 1310 389
68 1157 321 1311 389
69 1148 322 1302 390
70 1151 323 1305 391
71 1136 323 1290 391
72 1134 324 1290 394
73 1135 322 1288 388
74 1133 319 1295 394
75 1126 321 1286 393
76 1120 320 1280 392
77 1118 320 1278 392
78 1118 319 1278 391
79 1114 321 1274 393
80 1115 321 1275 393
81 1105 321 1265 393
82 1103 321 1263 393
83 1095 323 1255 395
84 1092 324 1252 396
85 1094 322 1254 394
86 1093 321 1253 393
87 1086 322 1246 394
88 1085 324 1245 396
89 1081 321 1241 393
90 1079 324 1239 396
91 1072 318 1237 397
92 1068 321 1233 400
93 1063 323 1228 402
94 1067 325 1231 398
95 1052 320 1213 399
96 1057 325 1214 402
97 1055 324 1212 401
98 1053 322 1214 397
99 1047 322 1208 397
100 1045 324 1206 399
101 1040 323 1201 398
102 1037 322 1198 397
103 1034 324 1195 399
104 1035 325 1196 400
105 1024 326 1185 401
106 1027 324 1188 399
107 1013 324 1174 399
108 1008 328 1169 403
109 1009 322 1170 397
110 1013 324 1174 399
111 1004 323 1165 398
112 1008 329 1166 401
113 1002 329 1160 401
114 1000 331 1158 403
115 994 328 1152 400
116 992 326 1152 403
117 986 325 1146 402
118 988 323 1148 400
119 979 322 1139 399
120 983 320 1137 396
121 986 329 1140 397
122 990 328 1144 396
123 976 333 1130 401
124 978 331 1132 399
125 964 330 1118 398
126 965 331 1119 399
127 957 329 1111 397
128 958 328 1112 396
129 952 329 1113 397
130 946 328 1107 396
131 938 326 1099 394
132 936 331 1100 397
133 933 328 1097 394
134 939 330 1103 396
135 930 329 1094 395
136 928 327 1092 393
137 922 328 1086 394
138 925 330 1089 396
139 919 328 1083 394
140 914 329 1078 395
141 911 327 1075 393
142 912 328 1076 394
143 901 324 1065 390
144 895 325 1059 391
145 894 330 1058 396
146 896 328 1060 394
147 893 327 1057 393
148 891 330 1055 396
149 883 329 1047 395
150 886 327 1050 393
151 883 327 1047 393
152 876 329 1040 395
153 874 330 1038 396
154 873 328 1037 394
155 865 330 1029 396
156 866 328 1030 394
157 863 326 1027 392
158 861 325 1025 391
159 856 323 1020 389
160 855 327 1019 393
161 849 325 1013 391
162 853 326 1017 392
163 843 328 1007 394
164 842 326 1006 392
165 837 322 1001 388
166 838 326 1002 392
167 833 324 997 390
168 830 326 994 392
169 831 324 995 390
170 832 325 996 391
171 826 323 990 389
172 826 322 990 388
173 820 320 984 386
174 821 318 982 393
175 815 319 976 394
176 813 319 974 394
177 808 316 969 391
178 806 318 967 393
179 800 316 961 391
180 803 317 964 392
181 798 315 959 390
182 799 313 960 388
183 795 311 956 386
184 792 316 953 391
185 788 314 949 389
186 785 315 946 390
187 784 313 945 388
188 780 311 941 386
189 781 322 938 388
190 780 319 937 385
191 771 317 930 386
192 766 315 925 384
193 766 313 925 382
194 765 311 924 380
195 763 314 922 383
196 766 315 918 385
197 761 312 913 382
198 757 315 916 382
199 753 313 912 380
200 750 314 909 381
201 748 317 907 384
202 747 314 906 381
203 741 313 900 380
204 737 313 896 380
205 739 311 898 378
206 734 311 893 378
207 735 309 894 376
208 736 308 895 375
209 732 308 891 375
210 725 313 884 380
211 725 309 884 376
212 727 312 886 379
213 721 310 880 377
214 725 310 884 377
215 713 306 872 373
216 714 304 870 372
217 715 303 871 371
218 714 314 872 377
219 709 312 867 375
220 708 308 866 371
221 705 304 854 370
222 706 302 855 368
223 704 300 856 372
224 698 298 850 370
225 699 296 848 376
226 697 294 846 370
227 686 296 843 368
228 688 296 845 368
229 690 297 839 372
230 688 295 837 370
231 683 294 832 369
232 684 299 832 369
233 680 297 828 367
234 683 295 831 365
235 675 294 823 364
236 677 294 825 364
237 671 297 819 367
238 675 295 823 365
239 665 290 813 360
240 667 292 815 362
241 659 296 811 364
242 670 294 809 370
243 665 290 804 366
244 662 288 801 364
245 660 289 799 365
246 662 286 801 362
247 656 289 795 365
248 657 284 796 360
249 655 297 793 361
250 653 294 791 358
251 648 290 786 354
252 650 292 784 364
253 646 290 782 360
254 644 288 780 358
255 645 286 781 356
256 646 286 782 356
257 644 284 772 357
258 640 282 768 355
259 641 280 769 353
260 639 289 768 356
261 634 283 763 350
262 635 282 764 349
263 628 284 757 351
264 630 283 759 350
265 629 286 758 353
266 630 284 759 351
267 622 281 751 348
268 622 280 751 347
269 620 279 749 346
270 617 280 746 347
271 614 278 743 345
272 617 278 746 345
273 611 279 740 346
274 613 275 738 344
275 608 272 733 341
276 606 276 731 345
277 607 274 732 343
278 606 272 731 341
279 606 274 731 343
280 606 276 731 345
281 600 273 725 342
282 603 273 728 342
283 598 274 723 343
284 597 272 722 341
285 591 270 716 339
286 591 268 716 337
287 585 266 710 335
288 584 266 709 335
289 585 266 710 335
290 587 264 712 333
291 584 266 709 335
292 583 264 708 333
293 581 265 706 334
294 583 269 707 333
295 578 267 694 330
296 582 267 695 331
297 578 269 692 330
298 574 267 688 328
299 573 265 682 327
300 576 263 684 327
301 570 265 681 326
302 572 265 683 326
303 570 262 681 323
304 570 260 681 321
305 568 261 679 322
306 566 258 677 319
307 565 258 676 319
308 563 260 674 321
309 558 256 669 317
310 562 256 673 317
311 554 253 665 314
312 555 254 666 315
313 552 256 663 317
314 554 254 665 315
315 548 255 659 316
316 550 253 661 314
317 550 254 661 315
318 549 252 660 313
319 545 250 656 311
320 547 251 658 312
321 544 249 655 310
322 541 251 652 312
323 535 251 646 312
324 536 249 647 310
325 538 247 649 308
326 541 251 645 309
327 536 249 640 307
328 535 247 639 305
329 532 245 636 303
330 537 247 641 305
331 531 247 635 305
332 532 245 636 303
333 529 243 633 301
334 528 242 632 300
335 527 242 631 300
336 527 242 631 300
337 525 243 629 301
338 527 241 631 299
339 525 239 622 301
340 524 237 621 299
341 519 235 616 297
342 520 233 617 295
343 519 231 616 293
344 519 236 615 293
345 516 238 612 295
346 514 236 610 293
347 512 233 608 290
348 513 231 609 288
349 512 229 608 286
350 511 235 607 292
351 509 234 605 291
352 510 232 606 289
353 505 229 601 286
354 508 232 604 289
355 503 229 599 286
356 500 227 596 284
357 504 230 593 288
358 505 229 601 286
359 500 227 596 284
360 497 226 593 283
361 499 227 595 284
362 495 226 591 283
363 490 223 586 280
364 492 221 588 278
365 489 221 585 278
366 488 223 584 280
367 490 221 582 285
368 488 217 580 281
369 490 215 582 279
370 488 214 580 278
371 487 216 579 280
372 481 214 573 278
373 483 212 575 276
374 483 214 575 278
375 479 213 571 277
376 478 211 570 275
377 478 212 570 276
378 479 210 571 274
379 472 211 564 275
380 474 211 566 275
381 475 209 567 273
382 469 207 561 271
383 470 204 562 268
384 468 208 560 272
385 469 208 561 272
386 466 209 563 271
387 463 207 560 269
388 462 205 559 267
389 460 206 554 265
390 461 211 551 266
391 461 207 551 262
392 461 205 546 263
393 459 208 546 262
394 459 205 546 259
395 454 205 541 259
396 455 203 542 257
397 453 203 540 257
398 453 202 540 256
399 454 201 541 255
400 454 205 541 259
401 451 203 538 257
402 450 201 537 255
403 447 199 534 253
404 446 203 535 250
405 444 201 530 254
406 446 199 530 253
407 442 196 526 250
408 440 193 524 247
409 439 192 523 246
410 438 194 526 250
411 434 194 522 250
412 440 192 522 251
413 437 190 519 249
414 437 186 519 245
415 430 193 513 243
416 435 191 514 241
417 435 189 514 239
418 437 187 517 247
419 434 184 509 243
420 433 181 508 240
421 431 183 506 242
422 431 181 506 240
423 422 183 505 238
424 426 186 509 241
425 424 184 507 239
426 425 183 508 238
427 419 181 502 236
428 420 181 503 236
429 422 182 505 237
430 418 182 501 237
431 416 178 499 233
432 410 176 493 231
433 412 176 495 231
434 411 174 494 229
435 413 179 491 233
436 416 180 494 234
437 406 176 484 230
438 408 176 486 230
439 404 175 482 229
440 407 175 485 229
441 407 174 485 228
442 407 175 485 229
443 403 171 481 225
444 403 169 481 223
445 400 169 478 223
446 401 169 479 223
447 400 169 478 223
448 399 169 477 223
449 398 166 476 220
450 399 168 477 222
451 394 166 472 220
452 392 167 470 221
453 393 162 471 216
454 391 166 469 220
455 385 162 463 216
456 387 162 465 216
457 387 163 465 217
458 388 163 466 217
459 387 161 465 215
460 384 159 462 213
461 382 160 460 214
462 387 159 465 213
463 383 157 461 211
464 381 161 459 215
465 382 159 460 213
466 379 159 457 213
467 375 155 453 209
468 376 153 454 207
469 373 155 451 209
470 373 153 451 207
471 371 156 451 207
472 376 157 450 207
473 373 151 447 201
474 375 152 449 202
475 373 152 447 202
476 375 156 442 204
477 369 151 436 199
478 369 152 436 200
479 366 150 433 198
480 366 148 433 196
481 365 146 432 194
482 362 149 429 197
483 364 147 431 195
484 366 145 433 193
485 365 146 432 194
486 364 148 431 196
487 360 147 427 195
488 362 146 429 194
489 360 145 427 193
490 362 144 429 192
491 353 142 420 190
492 355 141 422 189
493 356 143 423 191
494 352 141 419 189
495 351 142 418 190
496 353 143 420 191
497 350 141 417 189
498 349 139 416 187
499 351 139 418 187
500 347 140 414 188
501 348 137 415 185
502 346 137 413 185
503 341 134 408 182
504 342 138 409 186
505 342 136 409 184
506 343 137 410 185
507 337 134 404 182
508 342 136 409 184
509 338 134 405 182
510 340 135 407 183
511 338 132 405 180
512 340 135 407 183
513 335 132 402 180
514 337 130 404 178
515 331 127 398 175
516 333 128 400 176
517 328 126 395 174
518 331 130 398 178
519 330 127 397 175
520 326 127 393 175
521 330 125 397 173
522 325 125 392 173
523 325 128 392 176
524 324 126 391 174
525 326 125 393 173
526 322 123 389 171
527 324 124 391 172
528 320 124 387 172
529 317 122 384 170
530 319 119 386 167
531 321 122 388 170
532 317 121 384 169
533 319 120 386 168
534 315 119 382 167
535 316 118 383 166
536 314 119 381 167
537 313 117 380 165
538 315 117 382 165
539 309 113 376 161
540 306 115 373 163
541 308 112 375 160
542 306 119 373 167
543 306 117 373 165
544 308 115 375 163
545 303 114 370 162
546 302 112 369 160
547 303 110 370 158
548 301 112 368 160
549 305 115 366 158
550 306 115 367 158
551 299 110 360 153
552 300 110 361 153
553 302 112 363 155
554 303 114 364 157
555 298 112 359 155
556 297 109 358 152
557 299 110 360 153
558 297 114 358 157
559 295 111 356 154
560 292 109 353 152
561 294 106 355 149
562 292 105 353 148
563 292 106 353 149
564 290 106 351 149
565 289 104 350 147
566 290 102 351 145
567 288 104 349 147
568 289 103 350 146
569 287 104 348 147
570 285 103 346 146
571 288 105 347 151
572 287 103 346 149
573 282 97 341 143
574 284 98 343 144
575 279 95 338 141
576 282 95 341 141
577 281 96 340 142
578 283 98 342 144
579 279 96 338 142
580 278 96 337 142
581 274 94 333 140
582 275 94 334 140
583 271 92 330 138
584 273 91 332 137
585 274 93 333 139
586 272 90 331 136
587 269 90 328 136
588 265 87 324 133
589 269 87 328 133
590 269 87 328 133
591 268 87 327 133
592 270 87 329 133
593 265 91 324 137
594 261 86 320 132
595 263 87 322 133
596 265 84 324 130
597 264 88 323 134
598 261 84 320 130
599 259 83 318 129
600 259 83 318 129
601 260 84 319 130
602 262 85 321 131
603 259 83 318 129
604 257 82 316 128
605 254 82 313 128
606 258 77 317 123
607 256 82 315 128
608 258 83 317 129
609 252 81 311 127
610 253 77 312 123
611 251 74 310 121
612 251 78 310 125
613 252 78 311 125
614 253 76 312 123
615 247 79 306 126
616 248 77 307 124
617 248 77 307 124
618 244 78 303 125
619 247 76 306 123
620 247 78 306 125
621 249 76 308 123
622 246 74 305 121
623 244 72 303 119
624 238 74 296 124
625 240 73 298 123
626 239 71 297 121
627 239 70 297 120
628 238 73 296 123
629 237 71 295 121
630 238 72 296 122
631 239 71 294 120
632 237 69 292 118
633 241 66 296 115
634 238 65 293 114
635 234 68 290 117
636 236 66 292 115
637 228 67 284 116
638 231 64 287 113
639 231 67 287 116
640 234 63 289 112
641 235 61 290 110
642 229 61 284 110
643 234 63 289 112
644 228 63 283 112
645 227 61 282 110
646 226 60 281 109
647 227 67 283 107
648 224 65 280 105
649 221 68 277 108
650 225 66 281 106
651 222 66 278 106
652 222 64 278 104
