885 -1 -1 -1 -1
0 930 591 1092 704
1 929 587 1091 700
2 930 585 1092 698
3 929 583 1091 696
4 929 581 1091 694
5 930 585 1090 704
6 932 584 1092 703
7 930 585 1090 708
8 930 584 1090 707
9 928 578 1088 701
10 928 578 1088 701
11 932 584 1092 707
12 931 583 1091 706
13 929 582 1089 705
14 929 579 1089 702
15 931 579 1091 702
16 928 593 1091 703
17 926 588 1089 698
18 930 589 1093 699
19 927 589 1090 699
20 926 587 1089 697
21 928 588 1091 698
22 927 586 1090 696
23 928 592 1091 702
24 930 590 1093 700
25 929 588 1092 698
26 928 586 1091 696
27 929 585 1092 695
28 931 583 1094 693
29 930 589 1093 699
30 928 591 1091 701
31 927 585 1090 695
32 925 590 1088 700
33 930 588 1093 698
34 927 592 1090 702
35 930 590 1093 700
36 928 593 1091 703
37 928 592 1091 702
38 928 590 1091 700
39 929 589 1092 699
40 931 588 1094 698
41 925 587 1088 697
42 927 587 1090 697
43 927 586 1090 696
44 933 591 1096 701
45 931 589 1092 705
46 929 590 1090 706
47 931 588 1092 704
48 928 585 1089 701
49 926 582 1087 698
50 931 584 1092 700
51 928 585 1089 701
52 927 583 1088 699
53 929 583 1090 699
54 926 581 1087 697
55 926 580 1087 696
56 927 578 1088 694
57 925 577 1086 693
58 924 575 1085 691
59 926 594 1086 700
60 927 592 1087 698
61 930 587 1086 695
62 923 576 1084 693
63 924 586 1085 703
64 926 585 1087 702
65 928 585 1089 702
66 931 584 1092 701
67 925 583 1086 700
68 924 582 1085 699
69 927 582 1088 699
70 927 579 1088 696
71 923 589 1089 695
72 925 589 1091 695
73 921 588 1087 694
74 924 586 1090 692
75 928 584 1091 701
76 929 587 1093 700
77 929 589 1094 703
78 921 587 1086 701
79 924 588 1089 702
80 922 588 1090 701
81 921 586 1089 699
82 921 584 1089 697
83 923 584 1091 697
84 925 585 1093 698
85 926 584 1094 697
86 928 587 1096 700
87 923 591 1091 704
88 926 589 1087 707
89 927 588 1088 706
90 926 586 1087 704
91 925 585 1086 703
92 928 586 1089 704
93 924 582 1085 700
94 924 581 1085 699
95 926 581 1087 699
96 927 587 1088 705
97 927 585 1088 703
98 930 580 1091 698
99 928 578 1089 696
100 923 577 1084 695
101 927 576 1088 694
102 927 589 1088 704
103 929 584 1090 699
104 927 587 1088 702
105 927 588 1088 703
106 928 587 1089 702
107 925 587 1086 702
108 927 585 1088 700
109 928 583 1089 698
110 925 582 1086 697
111 925 584 1086 699
112 925 582 1086 697
113 926 581 1087 696
114 926 581 1087 696
115 926 580 1087 695
116 928 578 1086 699
117 923 580 1084 695
118 923 578 1084 693
119 925 578 1086 693
120 926 579 1087 694
121 922 579 1083 694
122 921 577 1082 692
123 925 581 1086 696
124 929 581 1090 696
125 924 583 1085 698
126 926 583 1087 698
127 928 584 1089 699
128 928 580 1089 695
129 926 580 1087 695
130 926 583 1087 698
131 927 583 1088 698
132 926 585 1087 700
133 927 583 1088 698
134 928 584 1089 699
135 924 582 1085 697
136 926 583 1087 698
137 927 582 1088 697
138 927 580 1088 695
139 928 581 1089 696
140 928 585 1089 700
141 929 587 1090 702
142 926 585 1087 700
143 928 583 1089 698
144 926 581 1087 696
145 927 581 1088 696
146 926 583 1087 698
147 925 581 1086 696
148 927 580 1088 695
149 929 579 1090 694
150 928 589 1088 703
151 927 586 1087 700
152 927 585 1087 699
153 928 583 1088 697
154 928 581 1088 695
155 928 580 1088 694
156 926 580 1086 694
157 925 583 1083 693
158 925 581 1083 691
159 927 582 1085 692
160 927 582 1085 699
161 928 582 1086 692
162 926 582 1086 699
163 929 583 1086 703
164 929 585 1086 705
165 929 583 1086 703
166 928 582 1085 702
167 932 583 1089 703
168 928 581 1085 701
169 930 592 1096 704
170 928 586 1094 698
171 926 585 1092 697
172 924 584 1090 696
173 926 585 1092 697
174 926 583 1092 695
175 927 584 1093 696
176 923 587 1089 699
177 926 588 1092 700
178 925 586 1091 698
179 926 586 1092 698
180 926 585 1092 697
181 927 585 1086 702
182 929 585 1084 702
183 928 583 1083 700
184 929 589 1086 698
185 930 586 1087 700
186 926 584 1087 703
187 929 584 1086 693
188 931 586 1088 695
189 929 587 1086 696
190 928 585 1085 694
191 929 585 1086 701
192 930 582 1087 698
193 930 580 1087 696
194 929 578 1086 694
195 928 587 1084 697
196 928 585 1084 695
197 929 583 1085 693
198 932 588 1088 698
199 927 585 1086 696
200 926 585 1085 696
201 927 586 1086 703
202 928 585 1087 702
203 928 583 1087 700
204 928 581 1087 698
205 927 579 1086 696
206 928 580 1087 697
207 928 584 1087 701
208 927 582 1086 699
209 928 581 1087 698
210 928 579 1087 696
211 928 581 1087 698
212 928 581 1087 698
213 928 579 1087 696
214 926 585 1087 700
215 926 583 1087 698
216 927 581 1088 696
217 927 579 1088 694
218 927 577 1088 692
219 927 584 1088 699
220 927 584 1088 699
221 927 585 1088 700
222 927 583 1088 698
223 927 582 1088 697
224 928 583 1089 698
225 927 583 1088 698
226 927 583 1088 698
227 928 584 1089 699
228 927 584 1088 699
229 927 582 1088 697
230 926 580 1087 695
231 927 584 1088 699
232 927 583 1088 698
233 926 583 1087 698
234 926 584 1087 699
235 926 583 1087 698
236 926 582 1087 697
237 928 585 1085 703
238 927 583 1084 701
239 927 582 1084 700
240 927 581 1084 699
241 927 580 1084 698
242 926 586 1085 700
243 925 584 1084 698
244 926 585 1085 699
245 926 584 1085 698
246 926 583 1085 697
247 926 585 1085 699
248 926 584 1085 698
249 926 583 1085 697
250 926 584 1085 698
251 926 584 1085 698
252 926 585 1085 699
253 926 584 1085 698
254 926 584 1085 698
255 926 583 1085 697
256 925 584 1084 698
257 925 584 1084 698
258 926 583 1085 697
259 924 584 1087 701
260 924 583 1087 700
261 924 583 1087 700
262 924 581 1087 698
263 925 582 1088 699
264 925 583 1088 700
265 925 582 1088 699
266 925 580 1088 697
267 924 583 1087 700
268 925 581 1088 698
269 924 581 1087 698
270 924 581 1087 698
271 924 581 1087 698
272 924 581 1087 698
273 924 581 1087 698
274 925 581 1088 698
275 925 579 1088 696
276 925 578 1088 695
277 925 582 1088 699
278 925 581 1088 698
279 924 581 1087 698
280 924 582 1087 699
281 924 580 1087 697
282 924 581 1087 698
283 924 581 1087 698
284 924 582 1087 699
285 923 582 1086 699
286 924 582 1087 699
287 924 582 1087 699
288 925 583 1088 700
289 924 583 1087 700
290 924 582 1087 699
291 923 582 1086 699
292 922 582 1085 699
293 922 583 1085 700
294 922 583 1085 700
295 922 582 1085 699
296 922 582 1085 699
297 922 581 1085 698
298 922 580 1085 697
299 922 578 1085 695
300 922 580 1085 697
301 922 580 1085 697
302 922 581 1085 698
303 922 580 1085 697
304 922 580 1085 697
305 922 578 1085 695
306 921 579 1084 696
307 922 579 1085 696
308 921 579 1084 696
309 920 580 1083 697
310 921 579 1084 696
311 922 584 1080 699
312 921 582 1079 697
313 921 582 1079 697
314 922 580 1080 695
315 921 579 1081 696
316 921 577 1081 694
317 919 577 1079 694
318 919 577 1079 694
319 919 576 1079 693
320 919 577 1079 694
321 919 578 1079 695
322 919 578 1079 695
323 919 579 1079 696
324 919 579 1079 696
325 919 578 1079 695
326 920 578 1080 695
327 920 577 1080 694
328 919 577 1079 694
329 919 577 1079 694
330 919 577 1079 694
331 918 577 1078 694
332 917 577 1077 694
333 917 578 1077 695
334 918 578 1078 695
335 917 578 1077 695
336 917 577 1077 694
337 917 576 1077 693
338 917 576 1077 693
339 917 575 1077 692
340 917 575 1077 692
341 917 576 1077 693
342 916 576 1076 693
343 916 576 1076 693
344 915 576 1075 693
345 915 575 1075 692
346 915 574 1075 691
347 916 574 1076 691
348 916 574 1076 691
349 916 573 1076 690
350 915 575 1075 692
351 915 574 1075 691
352 914 573 1074 690
353 914 573 1074 690
354 914 576 1074 693
355 915 577 1075 694
356 914 575 1074 692
357 914 574 1074 691
358 914 573 1074 690
359 913 574 1073 691
360 913 574 1073 691
361 913 574 1073 691
362 913 573 1073 690
363 913 573 1073 690
364 913 572 1073 689
365 912 573 1072 690
366 912 573 1072 690
367 912 571 1072 688
368 912 571 1072 688
369 912 570 1072 687
370 911 571 1071 688
371 910 572 1070 689
372 910 573 1070 690
373 910 572 1070 689
374 910 571 1070 688
375 909 571 1069 688
376 909 571 1069 688
377 909 571 1069 688
378 909 571 1069 688
379 909 571 1069 688
380 907 570 1067 687
381 906 569 1066 686
382 905 569 1065 686
383 908 570 1068 687
384 907 569 1067 686
385 905 569 1065 686
386 905 569 1065 686
387 904 568 1064 685
388 903 567 1063 684
389 903 567 1063 684
390 903 567 1063 684
391 902 567 1062 684
392 901 567 1061 684
393 901 567 1061 684
394 902 568 1059 681
395 902 566 1059 679
396 901 566 1058 679
397 901 566 1058 679
398 900 566 1057 679
399 900 565 1057 678
400 900 563 1057 676
401 900 562 1057 675
402 900 561 1057 674
403 900 561 1057 674
404 898 561 1055 674
405 897 561 1054 674
406 896 561 1053 674
407 894 561 1051 674
408 897 560 1050 677
409 897 558 1050 675
410 896 556 1049 673
411 896 557 1049 674
412 895 557 1048 674
413 895 555 1048 672
414 895 554 1048 671
415 894 554 1047 671
416 893 554 1046 671
417 892 553 1045 670
418 891 555 1044 672
419 893 555 1046 672
420 892 554 1045 671
421 891 554 1044 671
422 890 554 1043 671
423 890 553 1043 670
424 889 553 1042 670
425 888 552 1041 669
426 888 550 1041 667
427 888 550 1041 667
428 885 550 1038 667
429 885 549 1038 666
430 884 549 1037 666
431 884 549 1037 666
432 884 548 1037 665
433 883 548 1036 665
434 882 548 1035 665
435 882 547 1035 664
436 881 546 1034 663
437 880 545 1033 662
438 878 545 1031 662
439 878 545 1031 662
440 876 544 1029 661
441 875 543 1028 660
442 874 542 1027 659
443 875 542 1028 659
444 875 542 1028 659
445 874 541 1027 658
446 871 540 1024 657
447 871 540 1024 657
448 870 539 1023 656
449 869 538 1022 655
450 868 538 1021 655
451 867 537 1020 654
452 864 535 1017 652
453 863 535 1016 652
454 863 536 1016 653
455 863 536 1016 653
456 862 535 1015 652
457 861 534 1014 651
458 860 533 1013 650
459 860 533 1013 650
460 856 543 1012 648
461 856 541 1012 646
462 853 539 1009 644
463 852 540 1008 645
464 848 537 1004 642
465 847 537 1003 642
466 847 536 1003 641
467 847 536 1003 641
468 846 534 1002 639
469 845 533 1001 638
470 842 533 998 638
471 842 532 998 637
472 840 532 996 637
473 839 531 995 636
474 837 529 995 635
475 835 528 993 634
476 831 526 989 632
477 830 525 988 631
478 829 525 987 631
479 830 524 988 630
480 829 523 987 629
481 827 523 985 629
482 824 522 982 628
483 823 522 981 628
484 822 521 980 627
485 821 519 979 625
486 818 518 976 624
487 817 518 975 624
488 810 516 968 622
489 809 519 974 624
490 808 519 973 624
491 809 518 974 623
492 805 517 970 622
493 804 516 969 621
494 802 515 967 620
495 802 515 967 620
496 797 514 962 619
497 797 513 962 618
498 794 512 959 617
499 794 511 959 616
500 786 510 951 615
501 785 512 950 617
502 785 512 950 617
503 785 512 950 617
504 782 510 947 615
505 781 510 946 615
506 777 508 942 613
507 776 507 941 612
508 778 507 943 612
509 774 506 939 611
510 769 505 934 610
511 768 504 933 609
512 761 503 926 608
513 760 501 925 606
514 760 503 925 608
515 761 502 926 607
516 755 500 920 605
517 757 497 922 608
518 751 495 916 606
519 753 493 918 604
520 747 492 912 603
521 747 491 912 602
522 742 489 907 600
523 740 497 911 600
524 730 495 901 598
525 729 493 900 596
526 729 491 900 594
527 730 489 901 592
528 725 489 896 592
529 724 489 895 592
530 720 488 891 591
531 720 489 891 592
532 715 487 886 590
533 715 488 886 591
534 710 486 881 589
535 710 487 881 590
536 699 485 870 588
537 700 485 871 588
538 697 487 871 585
539 699 485 873 583
540 693 484 870 585
541 694 482 871 583
542 687 480 864 581
543 687 478 864 579
544 680 476 857 577
545 681 477 858 578
546 675 476 852 577
547 676 477 853 578
548 665 475 842 576
549 665 476 842 577
550 664 478 841 579
551 665 476 842 577
552 658 474 835 575
553 660 473 837 574
554 653 471 830 572
555 652 479 829 573
556 646 477 823 571
557 646 477 823 571
558 640 476 817 570
559 639 478 818 573
560 627 475 806 570
561 627 473 806 568
562 627 473 806 568
563 628 472 807 567
564 622 470 801 565
565 621 473 800 568
566 614 471 793 566
567 614 470 793 565
568 607 468 786 563
569 610 469 789 564
570 601 467 780 562
571 599 471 783 564
572 587 469 771 562
573 588 467 772 560
574 588 467 772 560
575 588 467 772 560
576 581 465 765 558
577 580 466 764 559
578 574 465 758 558
579 574 463 758 556
580 572 466 756 559
581 568 464 752 557
582 560 462 744 555
583 560 460 744 553
584 545 458 729 551
585 544 458 728 551
586 546 456 730 549
587 544 465 729 550
588 537 463 722 548
589 537 465 722 550
590 529 463 719 553
591 529 462 719 552
592 523 460 713 550
593 522 460 712 550
594 522 461 712 551
595 516 459 706 549
596 514 458 704 548
597 498 456 688 546
598 496 459 686 549
599 497 458 687 548
600 499 459 689 549
601 493 457 683 547
602 492 458 682 548
603 485 457 675 547
604 485 456 675 546
605 478 454 668 544
606 476 456 666 546
607 471 456 661 546
608 470 457 660 547
609 455 455 645 545
610 454 453 644 543
611 454 455 644 545
612 455 453 645 543
613 446 451 636 541
614 444 454 634 544
615 438 453 628 543
616 439 451 629 541
617 431 452 621 542
618 431 452 621 542
619 423 450 613 540
620 421 453 610 541
621 406 451 595 539
622 405 456 594 540
623 406 454 595 538
624 407 452 596 536
625 398 450 587 534
626 398 451 587 535
627 390 449 579 533
628 389 451 578 535
629 382 446 571 537
630 380 446 569 537
631 372 446 561 537
632 374 446 563 537
633 356 445 545 536
634 354 450 546 537
635 353 449 545 536
636 352 449 544 536
637 344 447 536 534
638 345 448 537 535
639 336 447 528 534
640 335 450 530 537
641 323 448 518 535
642 325 446 520 533
643 315 444 510 531
644 315 445 510 532
645 298 445 493 532
646 297 444 492 531
647 297 446 492 533
648 298 445 493 532
649 287 445 482 532
650 289 447 484 534
651 280 446 475 533
652 280 446 475 533
653 270 446 465 533
654 271 445 466 532
655 260 446 455 533
656 262 446 457 533
657 242 445 437 532
658 242 446 437 533
659 241 450 438 531
660 240 448 437 529
661 231 446 417 533
662 230 445 416 532
663 221 444 415 528
664 220 445 414 529
665 209 444 408 529
666 209 444 408 529
667 201 445 400 530
668 200 443 400 532
669 179 444 379 533
670 180 444 380 533
671 180 444 380 533
672 179 443 379 532
673 170 444 370 533
674 171 444 371 533
675 160 443 360 532
676 158 444 358 533
677 150 442 351 536
678 148 440 354 530
679 137 443 343 533
680 135 443 341 533
681 115 443 321 533
682 114 443 320 533
683 114 441 320 531
684 114 441 320 531
685 104 441 310 531
686 105 441 311 531
687 95 445 301 535
688 94 444 300 534
689 84 445 290 535
690 85 444 291 534
691 74 447 280 537
692 75 446 281 536
693 52 446 261 537
694 51 446 260 537
695 52 445 261 536
696 51 450 259 537
697 41 449 249 536
698 40 450 248 537
699 29 450 237 537
700 29 450 237 537
701 18 451 226 538
702 19 450 227 537
703 8 450 216 537
704 8 450 216 537
705 1 448 194 540
706 1 450 195 542
707 1 452 194 544
708 1 450 195 542
709 1 452 187 539
710 1 454 184 538
711 2 456 171 535
712 1 454 170 533
713 1 456 162 533
714 1 458 162 535
715 1 458 152 533
716 1 453 150 532
717 1 455 135 535
718 1 453 128 536
719 1 453 128 536
720 1 451 128 534
721 1 453 128 536
722 2 452 117 543
723 1 452 107 538
724 1 452 107 538
725 1 451 99 538
726 1 452 99 539
727 1 461 84 542
728 1 458 84 539
729 1 458 63 539
730 1 459 59 543
731 1 456 59 540
732 1 454 59 538
733 1 456 47 540
734 2 458 47 542
735 1 456 37 539
736 1 452 36 538
