935 -1 -1 -1 -1
0 258 305 347 394
1 257 303 346 392
2 259 303 347 388
3 258 305 346 390
4 257 306 345 391
5 258 307 346 392
6 258 307 346 392
7 258 307 346 392
8 259 306 347 391
9 258 307 346 392
10 259 307 347 392
11 258 307 346 392
12 259 306 347 391
13 259 307 347 392
14 259 307 347 392
15 259 307 347 392
16 260 308 348 393
17 258 307 346 392
18 259 307 347 392
19 259 309 347 394
20 260 308 348 393
21 260 308 348 393
22 260 308 348 393
23 260 307 348 392
24 260 307 348 392
25 260 308 348 393
26 259 308 347 393
27 259 307 347 392
28 259 307 347 392
29 259 308 347 393
30 260 307 348 392
31 259 307 347 392
32 260 307 348 392
33 260 307 348 392
34 260 306 348 391
35 260 307 348 392
36 259 307 347 392
37 258 306 346 391
38 258 306 346 391
39 258 306 346 391
40 258 308 346 393
41 259 306 347 391
42 260 306 348 391
43 259 306 347 391
44 259 306 347 391
45 259 307 347 392
46 259 307 347 392
47 260 306 348 391
48 259 306 347 391
49 259 307 347 392
50 259 307 347 392
51 260 307 348 392
52 260 306 348 391
53 260 307 348 392
54 260 306 348 391
55 260 306 348 391
56 260 306 348 391
57 259 306 347 391
58 259 307 347 392
59 259 307 347 392
60 261 306 349 391
61 260 305 348 390
62 260 306 348 391
63 259 305 347 390
64 259 305 347 390
65 259 308 346 390
66 258 308 345 390
67 259 307 346 389
68 259 308 346 390
69 259 308 346 390
70 258 308 345 390
71 259 307 346 389
72 260 308 345 387
73 260 309 345 388
74 260 308 345 387
75 260 308 345 387
76 261 309 346 388
77 260 309 345 388
78 259 309 344 388
79 259 308 344 387
80 258 308 343 387
81 259 308 344 387
82 259 308 344 387
83 259 307 344 386
84 259 307 344 386
85 258 308 343 387
86 259 306 344 385
87 259 307 344 386
88 258 307 343 386
89 258 307 343 386
90 259 306 344 385
91 258 307 343 386
92 257 307 342 386
93 259 306 344 385
94 259 308 344 387
95 259 308 344 387
96 259 308 344 387
97 258 308 343 387
98 258 308 343 387
99 258 308 343 387
100 258 307 343 386
101 256 305 346 386
102 258 306 348 387
103 257 306 347 387
104 257 306 347 387
105 257 307 347 388
106 257 307 347 388
107 257 307 347 388
108 258 307 348 388
109 258 305 348 386
110 257 305 347 386
111 257 306 347 387
112 257 306 347 387
113 257 307 347 388
114 257 307 347 388
115 257 307 347 388
116 257 308 347 389
117 256 306 346 387
118 256 306 346 387
119 256 306 346 387
120 255 306 345 387
121 259 309 346 388
122 257 309 344 388
123 259 312 346 391
124 260 312 347 391
125 259 312 346 391
126 259 311 346 390
127 259 309 346 388
128 259 310 346 389
129 258 311 345 390
130 259 310 346 389
131 259 309 346 388
132 259 308 346 387
133 261 309 348 388
134 260 311 347 390
135 261 310 348 389
136 259 311 346 390
137 259 311 346 390
138 259 311 346 390
139 259 310 346 389
140 259 309 346 388
141 259 309 346 388
142 259 308 346 387
143 259 308 346 387
144 259 308 346 387
145 259 309 346 388
146 257 310 344 389
147 257 308 344 387
148 257 309 344 388
149 257 309 344 388
150 256 308 343 387
151 259 310 346 389
152 259 310 346 389
153 259 311 346 390
154 258 310 345 389
155 257 310 344 389
156 257 310 344 389
157 258 310 345 389
158 258 310 345 389
159 258 311 345 390
160 259 309 346 388
161 259 308 346 387
162 259 308 346 387
163 259 309 346 388
164 259 309 346 388
165 260 311 347 390
166 259 309 346 388
167 258 309 345 388
168 258 309 345 388
169 258 310 345 389
170 260 309 347 388
171 261 310 348 389
172 260 310 347 389
173 260 309 347 388
174 257 308 344 387
175 257 306 344 385
176 257 305 344 384
177 257 308 344 387
178 258 309 345 388
179 258 310 345 389
180 259 310 346 389
181 259 310 346 389
182 260 309 347 388
183 260 309 347 388
184 260 309 347 388
185 260 309 347 388
186 260 309 347 388
187 259 307 346 386
188 259 308 346 387
189 259 309 346 388
190 259 309 346 388
191 259 309 346 388
192 259 308 346 387
193 259 308 346 387
194 259 307 346 386
195 259 308 346 387
196 259 310 346 389
197 259 310 346 389
198 260 309 347 388
199 260 310 347 389
200 260 311 347 390
201 260 310 347 389
202 260 311 347 390
203 260 311 347 390
204 259 310 346 389
205 259 309 346 388
206 261 311 348 390
207 261 311 348 390
208 261 310 348 389
209 260 311 347 390
210 260 311 347 390
211 259 311 346 390
212 259 310 346 389
213 259 309 346 388
214 259 309 346 388
215 260 308 347 387
216 260 308 347 387
217 260 309 347 388
218 260 310 347 389
219 260 310 347 389
220 260 310 347 389
221 260 308 347 387
222 260 309 347 388
223 260 307 347 386
224 259 308 346 387
225 259 309 346 388
226 258 310 345 389
227 259 310 346 389
228 259 310 346 389
229 260 310 347 389
230 260 308 347 387
231 261 309 348 388
232 261 309 348 388
233 261 309 348 388
234 261 308 348 387
235 261 308 348 387
236 261 308 348 387
237 261 308 348 387
238 260 308 347 387
239 260 311 347 390
240 260 312 347 391
241 261 311 348 390
242 261 311 348 390
243 261 310 348 389
244 261 309 348 388
245 261 309 348 388
246 260 309 347 388
247 260 310 347 389
248 260 310 347 389
249 261 310 348 389
250 261 308 348 387
251 261 309 348 388
252 261 310 348 389
253 261 309 348 388
254 261 310 348 389
255 261 309 348 388
256 261 309 348 388
257 261 310 348 389
258 261 310 348 389
259 260 309 347 388
260 259 310 346 389
261 260 311 347 390
262 259 310 346 389
263 260 309 347 388
264 260 309 347 388
265 261 309 348 388
266 262 308 349 387
267 261 310 348 389
268 261 311 348 390
269 261 310 348 389
270 261 310 348 389
271 262 309 349 388
272 262 308 349 387
273 261 308 348 387
274 262 308 349 387
275 262 309 349 388
276 262 310 349 389
277 262 309 349 388
278 262 310 349 389
279 261 311 348 390
280 262 311 349 390
281 263 309 350 388
282 262 312 352 394
283 261 310 351 392
284 261 311 351 393
285 262 310 352 392
286 262 311 352 393
287 261 311 351 393
288 261 311 351 393
289 261 311 351 393
290 262 312 352 394
291 262 312 352 394
292 262 311 352 393
293 263 311 353 393
294 263 311 353 393
295 264 312 354 394
296 262 312 352 394
297 263 312 353 394
298 263 312 353 394
299 263 312 353 394
300 263 312 353 394
301 263 313 353 395
302 263 312 353 394
303 263 313 353 395
304 264 311 354 393
305 264 313 354 395
306 264 314 354 396
307 264 314 354 396
308 265 314 355 396
309 265 314 355 396
310 265 314 355 396
311 266 313 356 395
312 266 314 356 396
313 266 315 356 397
314 266 315 356 397
315 266 315 356 397
316 266 315 356 397
317 266 315 356 397
318 266 315 356 397
319 266 315 356 397
320 265 317 355 399
321 267 316 357 398
322 267 316 357 398
323 266 317 356 399
324 266 318 356 400
325 268 317 358 399
326 268 317 358 399
327 269 318 359 400
328 269 318 359 400
329 269 318 359 400
330 269 318 359 400
331 270 319 360 401
332 270 319 360 401
333 271 320 361 402
334 271 320 361 402
335 271 319 361 401
336 270 319 360 401
337 272 320 362 402
338 271 321 361 403
339 273 321 363 403
340 273 320 363 402
341 273 321 363 403
342 274 322 364 404
343 275 321 369 406
344 275 321 369 406
345 274 321 368 406
346 273 322 367 407
347 274 322 367 405
348 274 321 368 404
349 273 324 367 407
350 273 323 367 406
351 273 324 367 407
352 273 326 367 409
353 274 326 368 409
354 274 326 368 409
355 274 326 368 409
356 274 326 368 409
357 277 327 371 410
358 278 328 372 411
359 279 327 373 410
360 278 328 372 411
361 278 328 372 411
362 278 329 372 412
363 278 329 372 412
364 278 329 372 412
365 278 329 372 412
366 279 330 373 413
367 280 330 374 413
368 280 330 374 413
369 281 330 375 413
370 282 330 376 413
371 282 330 376 413
372 282 331 376 414
373 282 331 376 414
374 282 333 376 416
375 284 333 378 416
376 285 332 380 420
377 285 332 380 420
378 284 332 379 420
379 284 333 379 421
380 284 334 379 422
381 287 333 382 421
382 285 334 380 422
383 284 335 379 423
384 284 336 379 424
385 288 336 383 424
386 290 335 385 423
387 290 336 385 424
388 291 338 386 426
389 291 338 386 426
390 290 339 385 427
391 290 340 385 428
392 291 342 386 430
393 292 342 387 430
394 292 343 387 431
395 293 341 388 429
396 293 342 388 430
397 294 343 389 431
398 294 344 389 432
399 297 345 392 433
400 298 345 393 433
401 298 344 393 432
402 298 343 393 431
403 297 343 392 431
404 297 343 392 431
405 298 348 393 436
406 299 349 394 437
407 299 349 394 437
408 300 347 395 435
409 301 351 396 439
410 303 351 398 439
411 303 350 398 438
412 303 350 398 438
413 304 351 399 439
414 304 352 399 440
415 304 352 399 440
416 305 352 400 440
417 305 353 400 441
418 305 354 400 442
419 305 353 400 441
420 304 354 399 442
421 306 354 401 442
422 308 355 403 443
423 309 356 404 444
424 309 358 404 446
425 312 359 407 447
426 312 359 407 447
427 310 360 405 448
428 313 360 408 448
429 313 362 408 450
430 314 362 409 450
431 314 362 409 450
432 314 363 409 451
433 315 363 410 451
434 316 365 411 453
435 316 366 411 454
436 316 368 411 456
437 317 369 412 457
438 318 370 413 458
439 318 371 413 459
440 319 370 414 458
441 319 371 414 459
442 320 371 415 459
443 320 371 415 459
444 320 371 415 459
445 323 372 418 460
446 325 374 420 462
447 324 372 424 465
448 324 371 424 464
449 326 374 426 467
450 326 374 426 467
451 328 376 428 469
452 329 376 429 469
453 330 376 430 469
454 330 376 430 469
455 330 375 430 468
456 330 377 430 470
457 333 379 433 472
458 333 381 433 474
459 333 383 433 476
460 333 383 433 476
461 335 384 435 477
462 336 386 436 479
463 338 386 438 479
464 339 386 439 479
465 341 387 441 480
466 342 388 442 481
467 341 390 441 483
468 341 391 441 484
469 346 395 446 488
470 344 397 452 495
471 344 395 452 493
472 344 393 452 491
473 342 393 450 491
474 341 394 449 492
475 349 397 457 495
476 348 396 456 494
477 349 397 457 495
478 348 399 456 497
479 348 399 456 497
480 348 399 456 497
481 354 401 462 499
482 353 402 461 500
483 353 401 466 505
484 353 403 466 507
485 354 404 467 508
486 355 403 468 507
487 356 404 469 508
488 356 404 469 508
489 358 406 471 510
490 358 407 471 511
491 359 408 472 512
492 359 409 472 513
493 365 409 478 513
494 365 409 478 513
495 367 412 480 516
496 368 411 481 515
497 368 414 481 518
498 368 416 481 520
499 369 418 482 522
500 370 419 483 523
501 372 420 485 524
502 373 420 486 524
503 372 420 485 524
504 372 420 485 524
505 378 424 491 528
506 378 425 491 529
507 383 427 496 531
508 381 428 494 532
509 384 431 497 535
510 382 429 502 536
511 383 429 503 536
512 384 429 504 536
513 384 432 504 539
514 384 433 504 540
515 384 434 504 541
516 386 432 506 539
517 394 436 514 543
518 392 439 512 546
519 394 438 514 545
520 395 439 515 546
521 399 441 519 548
522 398 443 518 550
523 398 444 518 551
524 399 444 519 551
525 399 446 519 553
526 400 447 520 554
527 400 448 520 555
528 400 449 520 556
529 410 456 530 563
530 408 454 528 561
531 411 456 531 563
532 411 455 531 562
533 412 457 532 564
534 412 458 532 565
535 413 460 543 578
536 411 462 541 580
537 410 463 540 581
538 412 464 542 582
539 412 462 542 580
540 410 463 540 581
541 418 467 548 585
542 418 469 548 587
543 424 471 554 589
544 424 472 554 590
545 426 474 556 592
546 426 475 556 593
547 433 479 563 597
548 433 477 563 595
549 433 479 563 597
550 433 479 563 597
551 434 479 564 597
552 434 479 564 597
553 439 484 569 602
554 439 485 569 603
555 444 490 578 615
556 444 490 578 615
557 447 492 581 617
558 447 492 581 617
559 452 497 586 622
560 450 495 588 625
561 450 496 588 626
562 452 499 590 629
563 451 499 589 629
564 451 498 589 628
565 460 507 598 637
566 461 505 599 635
567 461 507 599 637
568 464 509 602 639
569 465 514 603 644
570 466 512 604 642
571 471 517 609 647
572 471 518 609 648
573 476 519 618 655
574 476 519 618 655
575 474 519 616 655
576 473 519 615 655
577 481 525 623 661
578 484 528 626 664
579 486 531 628 667
580 486 532 628 668
581 489 533 637 675
582 490 531 638 673
583 493 535 641 677
584 494 539 637 678
585 500 540 643 679
586 498 542 641 681
587 496 543 639 682
588 497 542 640 681
589 509 549 652 688
590 508 548 652 692
591 512 552 656 696
592 512 553 656 697
593 515 559 662 708
594 512 558 659 707
595 520 563 667 712
596 518 563 665 712
597 523 568 670 717
598 524 570 671 719
599 522 570 669 719
600 524 568 671 717
601 533 575 687 729
602 533 574 687 728
603 536 577 690 731
604 534 578 688 732
605 542 585 696 739
606 541 585 695 739
607 545 590 699 744
608 544 590 698 744
609 551 594 705 748
610 551 595 705 749
611 550 595 704 749
612 551 593 705 747
613 562 605 716 759
614 560 604 721 763
615 565 607 726 766
616 563 607 724 766
617 571 614 732 773
618 570 614 731 773
619 576 621 737 780
620 575 618 736 777
621 580 622 741 781
622 579 622 740 781
623 583 622 744 781
624 582 622 743 781
625 591 633 760 796
626 589 634 758 797
627 597 638 766 801
628 596 639 765 802
629 603 645 772 808
630 601 645 775 815
631 608 648 782 818
632 608 648 782 818
633 612 653 786 823
634 614 656 788 826
635 614 655 788 825
636 612 655 786 825
637 626 669 800 839
638 625 667 799 837
639 634 672 811 851
640 630 671 807 850
641 638 679 815 858
642 637 678 814 857
643 646 686 823 865
644 644 685 821 864
645 653 691 830 870
646 651 690 828 869
647 649 690 826 869
648 649 689 826 868
649 668 700 845 879
650 663 704 848 876
651 669 707 854 879
652 670 705 855 877
653 674 715 865 879
654 677 713 863 877
655 685 715 871 879
656 680 719 869 879
657 689 729 880 880
658 689 727 880 878
659 689 725 880 876
660 690 729 881 880
661 704 744 898 880
662 703 742 897 878
663 707 740 901 876
664 712 744 906 880
665 721 756 912 880
666 717 755 908 879
667 721 765 918 880
668 723 764 920 879
669 735 765 932 880
670 732 768 931 880
671 732 766 931 878
672 732 768 931 880
673 750 790 946 880
674 749 788 945 878
675 753 790 949 880
676 755 790 951 880
677 765 807 952 880
678 764 806 951 879
679 770 807 957 880
680 769 806 956 879
681 781 822 969 880
682 779 822 967 880
683 777 822 935 876
684 787 826 945 880
685 812 838 944 878
686 818 836 942 880
687 827 846 940 878
688 834 847 938 880
689 835 853 936 880
