1056 -1 -1 -1 -1
0 1601 335 1755 401
1 1605 335 1752 401
2 1603 337 1750 399
3 1605 335 1752 396
4 1606 336 1753 397
5 1605 338 1752 399
6 1606 337 1752 396
7 1606 336 1752 395
8 1606 336 1752 395
9 1605 336 1751 395
10 1607 338 1753 397
11 1608 338 1754 397
12 1605 339 1751 398
13 1607 336 1753 395
14 1605 339 1751 398
15 1605 339 1751 398
16 1606 337 1752 396
17 1606 338 1752 397
18 1605 335 1751 394
19 1605 336 1751 395
20 1608 339 1754 398
21 1606 339 1752 398
22 1605 337 1751 396
23 1606 338 1752 397
24 1606 338 1752 397
25 1606 336 1752 395
26 1606 340 1752 399
27 1602 336 1748 395
28 1606 340 1752 399
29 1605 337 1751 396
30 1604 338 1750 397
31 1607 338 1753 397
32 1606 336 1752 395
33 1604 340 1750 399
34 1607 335 1753 394
35 1604 341 1750 401
36 1606 337 1752 397
37 1604 336 1750 396
38 1606 336 1752 396
39 1606 338 1752 398
40 1606 339 1752 399
41 1606 336 1752 396
42 1606 337 1752 397
43 1605 336 1751 396
44 1605 336 1751 396
45 1605 336 1751 396
46 1608 336 1754 396
47 1607 338 1753 398
48 1605 335 1751 395
49 1605 335 1751 395
50 1606 334 1752 394
51 1606 336 1752 396
52 1605 339 1751 399
53 1604 336 1750 396
54 1604 336 1750 396
55 1607 335 1753 395
56 1608 337 1754 397
57 1605 338 1751 398
58 1606 335 1752 395
59 1607 337 1753 397
60 1605 337 1751 397
61 1607 333 1753 393
62 1604 339 1750 399
63 1607 337 1753 397
64 1605 334 1751 394
65 1604 338 1750 398
66 1607 336 1753 396
67 1606 338 1752 398
68 1605 339 1751 399
69 1606 335 1752 395
70 1604 337 1750 397
71 1607 338 1753 398
72 1606 339 1752 399
73 1604 336 1750 396
74 1605 338 1751 398
75 1607 338 1753 398
76 1605 338 1751 398
77 1605 337 1751 397
78 1607 337 1753 397
79 1606 338 1752 398
80 1605 336 1751 396
81 1606 336 1752 396
82 1607 338 1753 398
83 1606 337 1752 397
84 1605 337 1751 397
85 1605 337 1751 397
86 1606 334 1752 394
87 1606 338 1752 398
88 1605 339 1751 399
89 1606 334 1752 394
90 1607 335 1753 395
91 1606 338 1752 398
92 1603 340 1749 400
93 1606 338 1752 398
94 1604 337 1750 397
95 1608 336 1754 396
96 1606 338 1752 398
97 1605 339 1751 399
98 1606 337 1752 397
99 1607 336 1753 396
100 1604 338 1750 398
101 1607 336 1753 396
102 1605 335 1751 395
103 1603 336 1749 396
104 1606 334 1752 394
105 1604 340 1750 400
106 1603 336 1749 396
107 1607 337 1753 397
108 1603 339 1749 399
109 1606 335 1752 395
110 1603 337 1749 397
111 1607 335 1753 395
112 1604 339 1750 399
113 1607 336 1753 396
114 1604 336 1750 396
115 1602 337 1748 397
116 1606 335 1752 395
117 1604 335 1750 395
118 1605 335 1751 395
119 1603 338 1749 398
120 1607 339 1753 399
121 1605 339 1751 399
122 1607 337 1753 397
123 1605 337 1751 397
124 1608 335 1754 395
125 1605 336 1751 396
126 1606 337 1752 397
127 1607 335 1753 395
128 1605 339 1751 399
129 1605 336 1751 396
130 1603 336 1749 396
131 1605 339 1751 399
132 1607 336 1753 396
133 1606 336 1752 396
134 1603 336 1749 396
135 1607 334 1753 394
136 1604 337 1750 397
137 1606 340 1752 400
138 1605 335 1751 395
139 1603 338 1749 398
140 1605 336 1751 396
141 1604 334 1750 394
142 1605 334 1751 394
143 1603 338 1749 398
144 1605 336 1751 396
145 1602 337 1748 397
146 1602 335 1748 395
147 1602 337 1748 397
148 1605 336 1751 396
149 1605 339 1751 399
150 1602 337 1748 397
151 1605 335 1751 395
152 1603 337 1749 397
153 1600 339 1746 399
154 1603 336 1749 396
155 1602 338 1748 398
156 1604 336 1750 396
157 1600 338 1746 398
158 1605 336 1751 396
159 1602 336 1748 396
160 1600 342 1746 402
161 1604 333 1750 393
162 1603 338 1749 398
163 1604 339 1750 399
164 1602 338 1748 398
165 1601 339 1747 399
166 1605 337 1751 397
167 1599 335 1745 395
168 1597 337 1743 397
169 1599 339 1745 399
170 1602 336 1748 396
171 1598 336 1744 396
172 1601 337 1747 397
173 1601 337 1747 397
174 1599 339 1745 399
175 1600 337 1746 397
176 1601 338 1747 398
177 1602 338 1748 398
178 1601 338 1747 398
179 1595 339 1741 399
180 1597 338 1743 398
181 1599 336 1745 396
182 1601 339 1747 399
183 1595 336 1741 396
184 1601 338 1747 398
185 1594 336 1740 396
186 1594 335 1740 395
187 1597 336 1743 396
188 1592 336 1738 396
189 1597 340 1743 400
190 1596 338 1742 398
191 1593 339 1739 399
192 1595 338 1741 398
193 1595 337 1741 397
194 1591 339 1737 399
195 1591 338 1737 398
196 1594 340 1740 400
197 1591 338 1737 398
198 1592 338 1738 398
199 1593 338 1739 398
200 1591 339 1737 399
201 1589 339 1735 399
202 1594 338 1740 398
203 1591 336 1737 396
204 1593 337 1739 397
205 1590 340 1736 400
206 1586 336 1732 396
207 1584 340 1730 400
208 1586 341 1732 401
209 1585 339 1731 399
210 1587 341 1733 401
211 1585 341 1731 401
212 1587 341 1733 401
213 1584 339 1730 399
214 1587 340 1733 400
215 1584 340 1730 400
216 1585 338 1731 398
217 1584 338 1730 398
218 1583 340 1729 400
219 1584 339 1730 399
220 1580 341 1726 401
221 1579 342 1725 402
222 1579 339 1725 399
223 1580 341 1726 401
224 1581 341 1727 401
225 1581 340 1727 400
226 1578 342 1724 402
227 1577 340 1723 400
228 1578 339 1724 399
229 1576 343 1722 403
230 1577 342 1723 402
231 1576 342 1722 402
232 1574 339 1720 399
233 1574 342 1720 402
234 1576 340 1722 400
235 1573 340 1719 400
236 1576 338 1722 398
237 1576 340 1722 400
238 1573 338 1719 398
239 1571 339 1717 399
240 1572 340 1718 400
241 1570 342 1716 402
242 1573 340 1719 400
243 1571 343 1717 403
244 1570 343 1716 403
245 1572 343 1718 403
246 1571 344 1717 404
247 1569 340 1715 400
248 1568 343 1714 403
249 1568 341 1714 401
250 1566 341 1712 401
251 1565 342 1711 402
252 1565 340 1711 400
253 1565 345 1711 405
254 1567 343 1713 403
255 1565 344 1711 404
256 1564 343 1710 403
257 1564 341 1710 401
258 1562 342 1708 402
259 1560 344 1706 404
260 1565 344 1711 404
261 1563 342 1709 402
262 1562 341 1708 401
263 1563 345 1709 405
264 1561 342 1707 402
265 1559 346 1705 406
266 1559 345 1705 405
267 1560 343 1706 403
268 1561 346 1707 406
269 1562 344 1708 404
270 1558 343 1704 403
271 1556 344 1702 404
272 1557 347 1703 407
273 1555 347 1701 407
274 1558 345 1704 405
275 1554 345 1700 405
276 1557 344 1703 404
277 1555 343 1701 403
278 1553 347 1699 407
279 1554 346 1700 406
280 1552 347 1698 407
281 1546 342 1692 402
282 1546 344 1692 404
283 1543 346 1689 406
284 1550 344 1696 404
285 1548 349 1694 409
286 1549 349 1695 409
287 1547 349 1693 409
288 1546 348 1692 408
289 1548 345 1694 405
290 1545 344 1691 404
291 1539 347 1685 407
292 1543 350 1689 410
293 1540 345 1686 405
294 1541 349 1687 409
295 1542 346 1688 406
296 1540 348 1686 408
297 1540 349 1686 409
298 1538 343 1684 403
299 1536 345 1682 405
300 1536 344 1682 404
301 1534 345 1680 405
302 1534 346 1680 406
303 1531 346 1677 406
304 1534 341 1680 401
305 1530 349 1676 409
306 1529 347 1675 407
307 1529 345 1675 405
308 1528 349 1674 409
309 1528 347 1674 407
310 1529 346 1675 406
311 1526 351 1672 411
312 1528 345 1674 405
313 1525 346 1671 406
314 1528 346 1674 406
315 1526 349 1672 409
316 1525 349 1671 409
317 1523 348 1669 408
318 1522 349 1668 409
319 1523 350 1669 410
320 1523 348 1669 408
321 1522 350 1668 410
322 1522 352 1668 412
323 1522 348 1668 408
324 1522 348 1668 408
325 1521 349 1667 409
326 1521 355 1667 415
327 1518 354 1664 414
328 1516 346 1662 406
329 1511 344 1657 404
330 1515 351 1661 411
331 1515 352 1661 412
332 1514 352 1660 412
333 1514 345 1660 405
334 1513 348 1659 408
335 1511 348 1657 408
336 1511 357 1657 417
337 1511 348 1657 408
338 1510 348 1656 408
339 1511 347 1657 407
340 1511 348 1657 408
341 1510 348 1656 408
342 1510 346 1656 406
343 1508 348 1654 408
344 1510 349 1656 409
345 1508 347 1654 407
346 1508 348 1654 408
347 1506 347 1652 407
348 1506 349 1652 409
349 1504 350 1650 410
350 1502 350 1648 410
351 1505 354 1651 414
352 1503 354 1649 414
353 1499 353 1645 413
354 1501 353 1647 413
355 1501 352 1647 412
356 1503 348 1649 408
357 1498 348 1644 408
358 1497 351 1643 411
359 1497 348 1643 408
360 1497 352 1643 412
361 1493 351 1639 411
362 1494 348 1640 408
363 1493 351 1639 411
364 1493 350 1639 410
365 1493 348 1639 408
366 1491 348 1637 408
367 1491 348 1637 408
368 1493 349 1639 409
369 1491 347 1637 407
370 1490 347 1636 407
371 1490 350 1636 410
372 1490 351 1636 411
373 1487 347 1633 407
374 1488 348 1634 408
375 1486 355 1632 415
376 1485 353 1631 413
377 1484 353 1630 413
378 1484 351 1630 411
379 1483 349 1629 409
380 1481 351 1627 411
381 1484 350 1630 410
382 1482 350 1628 410
383 1483 351 1629 411
384 1482 351 1628 411
385 1480 351 1626 411
386 1478 349 1624 409
387 1480 347 1626 407
388 1480 352 1626 412
389 1478 353 1624 413
390 1474 352 1620 412
391 1475 352 1621 412
392 1476 350 1622 410
393 1475 351 1621 411
394 1477 349 1623 409
395 1475 350 1621 410
396 1474 355 1620 415
397 1472 356 1618 416
398 1474 355 1620 415
399 1470 349 1616 409
400 1472 353 1618 413
401 1468 355 1614 415
402 1469 349 1615 409
403 1467 354 1613 414
404 1469 354 1615 414
405 1469 352 1615 412
406 1469 350 1615 410
407 1467 353 1613 413
408 1467 349 1613 409
409 1466 358 1612 418
410 1465 359 1611 419
411 1465 355 1611 415
412 1463 352 1609 412
413 1461 353 1607 413
414 1459 359 1605 419
415 1461 358 1607 418
416 1460 361 1606 421
417 1458 358 1604 418
418 1458 353 1604 413
419 1457 351 1603 411
420 1459 357 1605 417
421 1458 353 1604 413
422 1455 360 1601 420
423 1455 355 1601 415
424 1457 353 1603 413
425 1453 357 1599 417
426 1451 352 1597 412
427 1452 356 1598 416
428 1453 353 1599 413
429 1451 360 1597 420
430 1452 357 1598 417
431 1447 357 1593 417
432 1451 355 1597 415
433 1447 354 1593 414
434 1444 355 1590 415
435 1447 360 1593 420
436 1448 365 1594 425
437 1446 359 1592 419
438 1444 356 1590 416
439 1446 355 1592 415
440 1444 352 1590 412
441 1442 354 1588 414
442 1445 356 1591 416
443 1443 356 1589 416
444 1443 357 1589 417
445 1441 361 1587 421
446 1440 356 1586 416
447 1439 359 1585 419
448 1442 356 1588 416
449 1437 364 1583 424
450 1438 362 1584 422
451 1437 365 1583 425
452 1437 356 1583 416
453 1434 357 1580 417
454 1437 355 1583 415
455 1435 359 1581 419
456 1435 357 1581 417
457 1433 360 1579 420
458 1434 358 1580 418
459 1432 360 1578 420
460 1432 357 1578 417
461 1430 356 1576 416
462 1432 357 1578 417
463 1431 359 1577 419
464 1429 360 1575 420
465 1428 357 1574 417
466 1430 360 1576 420
467 1428 361 1574 421
468 1428 358 1574 418
469 1427 358 1573 418
470 1424 357 1570 417
471 1424 354 1570 414
472 1423 360 1569 420
473 1425 358 1571 418
474 1422 356 1568 416
475 1421 357 1567 417
476 1420 355 1566 415
477 1418 358 1564 418
478 1422 359 1568 419
479 1420 361 1566 421
480 1418 356 1564 416
481 1421 358 1567 418
482 1419 361 1565 421
483 1418 359 1564 419
484 1421 359 1567 419
485 1415 356 1561 416
486 1413 356 1559 416
487 1417 359 1563 419
488 1418 354 1564 414
489 1418 352 1564 412
490 1417 350 1563 410
491 1414 355 1560 415
492 1415 364 1561 424
493 1414 358 1560 418
494 1415 360 1561 420
495 1415 357 1561 417
496 1410 353 1556 413
497 1410 358 1556 418
498 1405 352 1551 412
499 1404 357 1550 417
500 1404 357 1550 417
501 1409 359 1555 419
502 1405 356 1551 416
503 1408 361 1554 421
504 1405 359 1551 419
505 1407 357 1553 417
506 1405 359 1551 419
507 1402 358 1548 418
508 1406 359 1552 419
509 1399 358 1545 418
510 1400 356 1546 416
511 1402 356 1548 416
512 1403 364 1549 424
513 1399 358 1545 418
514 1401 358 1547 418
515 1399 359 1545 419
516 1404 362 1550 422
517 1400 361 1546 421
518 1398 364 1544 424
519 1397 359 1543 419
520 1398 361 1544 421
521 1396 363 1542 423
522 1398 363 1544 423
523 1395 362 1541 422
524 1398 363 1544 423
525 1398 361 1544 421
526 1396 361 1542 421
527 1394 363 1540 423
528 1397 359 1543 419
529 1397 359 1543 419
530 1397 363 1543 423
531 1394 363 1540 423
532 1395 366 1541 426
533 1392 363 1538 423
534 1391 363 1537 423
535 1391 366 1537 426
536 1393 366 1539 426
537 1392 365 1538 425
538 1389 364 1535 424
539 1392 360 1538 420
540 1390 365 1536 425
541 1392 360 1538 420
542 1390 362 1536 422
543 1390 363 1536 423
544 1390 364 1536 424
545 1385 364 1531 424
546 1389 364 1535 424
547 1386 365 1532 425
548 1386 365 1532 425
549 1386 363 1532 423
550 1385 364 1531 424
551 1387 365 1533 425
552 1383 364 1529 424
553 1386 360 1532 420
554 1381 361 1527 421
555 1385 362 1531 422
556 1382 365 1528 425
557 1383 366 1529 426
558 1382 362 1528 422
559 1380 361 1526 421
560 1383 362 1529 422
561 1381 363 1527 423
562 1378 362 1524 422
563 1380 364 1526 424
564 1380 364 1526 424
565 1381 367 1527 427
566 1382 367 1528 427
567 1380 366 1526 426
568 1376 361 1522 421
569 1373 365 1519 425
570 1376 361 1522 421
571 1374 365 1520 425
572 1377 362 1523 422
573 1376 364 1522 424
574 1375 364 1521 424
575 1373 362 1519 422
576 1371 365 1517 425
577 1373 364 1519 424
578 1373 366 1519 426
579 1371 368 1517 428
580 1370 362 1516 422
581 1367 365 1513 425
582 1368 364 1514 424
583 1369 365 1515 425
584 1369 363 1515 423
585 1365 360 1511 420
586 1368 360 1514 420
587 1368 359 1514 419
588 1368 362 1514 422
589 1365 364 1511 424
590 1366 363 1512 423
591 1364 363 1510 423
592 1365 359 1511 419
593 1363 362 1509 422
594 1368 359 1514 419
595 1367 359 1513 419
596 1367 359 1513 419
597 1362 360 1508 420
598 1364 358 1510 418
599 1364 359 1510 419
600 1362 360 1508 420
601 1362 361 1508 421
602 1363 360 1509 420
603 1363 356 1509 416
604 1363 358 1509 418
605 1356 359 1502 419
606 1354 360 1500 420
607 1355 357 1501 417
608 1356 358 1502 418
609 1351 354 1497 414
610 1352 356 1498 416
611 1352 363 1498 423
612 1349 361 1495 421
613 1347 358 1493 418
614 1350 362 1496 422
615 1350 362 1496 422
616 1347 360 1493 420
617 1345 365 1491 425
618 1345 362 1491 422
619 1344 368 1490 428
620 1347 367 1493 427
621 1343 366 1489 426
622 1341 369 1487 429
623 1342 370 1488 430
624 1342 363 1488 423
625 1340 364 1486 424
626 1341 363 1487 423
627 1338 365 1484 425
628 1337 368 1483 428
629 1332 370 1478 430
630 1334 365 1480 425
631 1336 369 1482 429
632 1336 364 1482 424
633 1335 367 1481 427
634 1334 370 1480 430
635 1334 368 1480 428
636 1331 368 1477 428
637 1331 370 1477 430
638 1334 367 1480 427
639 1331 364 1477 424
640 1327 366 1473 426
641 1325 369 1471 429
642 1326 369 1472 429
643 1325 372 1471 432
644 1326 371 1472 431
645 1325 368 1471 428
646 1324 370 1470 430
647 1322 370 1468 430
648 1321 370 1467 430
649 1323 369 1469 429
650 1321 369 1467 429
651 1323 367 1469 427
652 1321 372 1467 432
653 1316 370 1462 430
654 1318 373 1464 433
655 1316 371 1462 431
656 1316 368 1462 428
657 1318 364 1464 424
658 1317 372 1463 432
659 1307 370 1453 430
660 1312 367 1458 427
661 1314 372 1460 432
662 1311 369 1457 429
663 1307 370 1453 430
664 1308 373 1468 431
665 1307 371 1467 429
666 1303 368 1449 428
667 1309 368 1455 428
668 1305 368 1451 428
669 1308 368 1458 435
670 1308 366 1458 433
671 1298 366 1468 430
672 1296 370 1466 434
673 1295 368 1465 432
674 1302 364 1461 429
675 1300 367 1459 432
676 1298 369 1457 434
677 1294 368 1453 433
678 1296 366 1455 431
679 1295 366 1454 431
680 1295 365 1454 430
681 1292 364 1451 429
682 1290 364 1449 429
683 1291 365 1450 430
684 1288 367 1447 432
685 1289 366 1448 431
686 1288 370 1447 435
687 1284 365 1443 430
688 1283 366 1442 431
689 1279 368 1438 433
690 1282 366 1441 431
691 1280 368 1439 433
692 1280 370 1439 435
693 1279 371 1438 436
694 1279 364 1438 429
695 1277 366 1436 431
696 1274 368 1433 433
697 1277 366 1436 431
698 1274 367 1433 432
699 1271 365 1430 430
700 1269 365 1428 430
701 1266 368 1425 433
702 1267 374 1426 439
703 1268 376 1427 441
704 1266 367 1425 432
705 1266 371 1425 436
706 1263 371 1422 436
707 1263 371 1422 436
708 1266 368 1425 433
709 1261 367 1420 432
710 1258 369 1417 434
711 1261 368 1420 433
712 1254 372 1413 437
713 1252 369 1411 434
714 1252 368 1411 433
715 1253 366 1412 431
716 1257 369 1416 434
717 1252 369 1411 434
718 1250 372 1409 437
719 1249 372 1408 437
720 1243 369 1402 434
721 1246 365 1405 430
722 1244 368 1403 433
723 1245 368 1404 433
724 1238 373 1397 438
725 1241 371 1400 436
726 1239 371 1398 436
727 1240 374 1399 439
728 1237 371 1396 436
729 1235 373 1394 438
730 1233 374 1392 439
731 1232 371 1391 436
732 1229 375 1388 440
733 1230 376 1389 441
734 1228 372 1387 437
735 1229 374 1388 439
736 1227 374 1386 439
737 1224 371 1383 436
738 1222 373 1381 438
739 1219 376 1378 441
740 1223 372 1382 437
741 1221 375 1380 440
742 1220 375 1379 440
743 1217 369 1376 434
744 1215 371 1374 436
745 1214 372 1373 437
746 1211 375 1370 440
747 1210 378 1369 443
748 1212 379 1371 444
749 1204 377 1363 442
750 1205 378 1364 443
751 1203 375 1362 440
752 1204 369 1363 434
753 1202 374 1361 439
754 1200 379 1359 444
755 1197 377 1356 442
756 1200 380 1359 445
757 1193 378 1352 443
758 1196 375 1355 440
759 1193 377 1352 442
760 1188 380 1347 445
761 1185 377 1344 442
762 1184 375 1343 440
763 1185 370 1344 435
764 1184 377 1343 442
765 1182 378 1341 443
766 1180 378 1339 443
767 1178 376 1344 443
768 1174 378 1340 445
769 1172 379 1338 446
770 1170 375 1336 442
771 1168 379 1334 446
772 1166 381 1332 448
773 1161 379 1327 446
774 1164 372 1330 439
775 1161 375 1327 442
776 1162 378 1328 445
777 1155 375 1321 442
778 1155 379 1321 446
779 1154 379 1320 446
780 1152 380 1318 447
781 1151 381 1317 448
782 1148 381 1314 448
783 1142 379 1308 446
784 1140 382 1306 449
785 1137 381 1303 448
786 1134 382 1300 449
787 1134 383 1300 450
788 1134 383 1300 450
789 1131 382 1297 449
790 1130 382 1296 449
791 1128 380 1294 447
792 1125 383 1291 450
793 1121 382 1287 449
794 1121 381 1287 448
795 1119 388 1285 455
796 1118 385 1284 452
797 1108 385 1274 452
798 1108 386 1274 453
799 1108 387 1274 454
800 1107 385 1273 452
801 1105 388 1271 455
802 1105 388 1271 455
803 1098 387 1264 454
804 1094 386 1260 453
805 1093 389 1259 456
806 1094 383 1260 450
807 1093 389 1259 456
808 1089 385 1255 452
809 1078 390 1244 457
810 1080 390 1246 457
811 1083 389 1249 456
812 1079 389 1245 456
813 1073 393 1239 460
814 1074 391 1240 458
815 1072 390 1238 457
816 1070 393 1236 460
817 1064 391 1230 458
818 1065 395 1231 462
819 1060 393 1226 460
820 1058 395 1224 462
821 1050 395 1216 462
822 1049 395 1215 462
823 1051 392 1217 459
824 1049 398 1215 465
825 1043 400 1209 467
826 1045 398 1211 465
827 1040 400 1206 467
828 1037 395 1203 462
829 1032 400 1198 467
830 1033 400 1199 467
831 1030 405 1196 472
832 1020 401 1186 468
833 1018 403 1184 470
834 1016 404 1182 471
835 1021 401 1187 468
836 1021 401 1187 468
837 1015 407 1181 474
838 1015 403 1181 470
839 1014 402 1180 469
840 1012 403 1178 470
841 1004 404 1170 471
842 1006 405 1172 472
843 1002 403 1168 470
844 1000 405 1166 472
845 990 409 1156 476
846 993 408 1159 475
847 993 408 1159 475
848 994 409 1160 476
849 983 407 1149 474
850 983 409 1149 476
851 982 410 1148 477
852 979 410 1145 477
853 977 413 1143 480
854 973 410 1139 477
855 971 413 1137 480
856 967 411 1137 483
857 960 413 1130 485
858 953 411 1123 483
859 952 413 1122 485
860 959 415 1129 487
861 959 415 1129 487
862 951 416 1121 488
863 949 417 1119 489
864 950 418 1120 490
865 949 417 1119 489
866 944 415 1114 487
867 943 417 1103 495
868 944 415 1104 493
869 936 417 1096 495
870 937 420 1097 498
871 936 419 1096 497
872 938 420 1098 498
873 932 421 1092 499
874 932 420 1092 498
875 923 422 1083 500
876 927 424 1087 502
877 920 426 1080 504
878 921 422 1081 500
879 913 424 1073 502
880 912 424 1072 502
881 903 428 1063 506
882 906 429 1066 507
883 909 426 1069 504
884 900 429 1060 507
885 907 430 1061 515
886 907 431 1062 515
887 898 433 1059 515
888 901 431 1055 510
889 894 434 1055 516
890 897 433 1058 515
891 890 435 1051 517
892 886 435 1047 517
893 889 439 1035 521
894 880 439 1041 521
895 881 438 1042 520
896 883 440 1044 522
897 877 442 1038 524
898 882 442 1031 523
899 879 445 1029 527
900 881 441 1028 522
901 872 446 1024 526
902 867 443 1028 525
903 863 448 1018 528
904 868 447 1019 533
905 859 447 1015 536
906 860 445 1008 541
907 858 445 1011 542
908 860 444 1013 532
909 854 447 1007 542
910 860 448 1006 543
911 858 453 1004 537
912 854 458 1000 544
913 853 456 996 543
914 852 454 997 542
915 849 456 992 546
916 847 454 995 546
917 843 460 984 551
918 842 464 983 555
919 842 462 986 555
920 841 464 985 557
921 838 466 982 559
922 836 464 980 557
923 838 467 976 558
924 836 467 974 558
925 833 470 971 561
926 835 468 973 559
927 836 473 974 564
928 828 472 966 563
929 826 477 964 568
930 824 478 962 569
931 823 477 961 568
932 823 476 961 567
933 821 481 959 572
934 817 478 955 569
935 817 481 955 572
936 820 481 958 572
937 819 482 948 586
938 821 475 950 579
939 816 484 945 588
940 813 489 942 593
941 812 491 941 595
942 811 489 940 593
943 812 492 941 596
944 813 490 942 594
945 813 494 942 598
946 814 495 943 599
947 811 497 940 601
948 801 493 930 597
949 800 499 929 603
950 805 497 934 601
951 801 506 930 610
952 801 504 930 608
953 800 505 924 621
954 803 507 927 623
955 797 507 921 623
956 799 510 923 626
957 800 510 924 626
958 798 510 922 626
959 796 513 920 629
960 795 514 919 630
961 793 515 917 631
962 795 513 915 632
963 795 511 915 630
964 793 516 913 635
965 793 525 913 644
966 791 526 911 645
967 794 528 914 647
968 793 530 913 649
969 793 532 913 651
970 789 528 909 647
971 789 533 905 647
972 792 537 908 651
973 791 536 907 650
974 792 537 908 651
975 786 544 902 658
976 786 545 902 659
977 787 549 900 676
978 788 548 901 675
979 791 548 904 675
980 789 549 902 676
981 793 549 896 674
982 791 552 894 677
983 793 559 896 684
984 794 555 897 680
985 792 563 895 688
986 791 562 894 687
987 789 567 892 692
988 789 565 892 690
989 788 579 891 704
990 787 572 891 705
991 788 574 892 707
992 788 573 892 706
993 789 580 893 713
994 790 575 894 708
995 791 583 895 716
996 791 581 895 714
997 787 585 891 718
998 790 585 894 718
999 791 595 895 728
1000 787 593 891 726
1001 789 601 896 739
1002 790 601 897 739
1003 788 602 895 740
1004 789 606 896 744
1005 791 605 898 743
1006 793 607 900 745
1007 792 613 899 751
1008 790 614 897 752
1009 791 613 901 760
1010 792 614 902 761
1011 790 619 900 766
1012 794 620 904 767
1013 797 632 907 779
1014 795 630 905 777
1015 798 633 908 780
1016 799 634 909 781
1017 797 641 908 790
1018 800 640 911 789
1019 802 647 914 797
1020 800 648 912 798
1021 798 646 921 805
1022 801 644 918 801
1023 799 642 923 812
1024 801 640 921 809
1025 801 666 928 832
1026 800 664 926 830
1027 801 662 928 826
1028 799 673 931 822
1029 803 672 928 837
1030 801 670 934 834
1031 802 668 939 843
1032 803 666 937 852
1033 801 684 938 852
1034 799 682 942 846
1035 808 691 949 862
1036 804 686 945 857
1037 811 704 958 879
1038 809 702 956 877
1039 813 704 960 879
1040 813 702 960 877
1041 812 700 959 875
1042 815 705 962 880
1043 812 712 968 875
1044 817 710 966 880
1045 821 710 970 880
1046 819 710 970 880
1047 825 730 981 878
1048 820 732 976 880
1049 830 732 986 880
1050 830 732 986 880
1051 831 744 989 875
1052 829 742 987 880
1053 826 746 987 880
1054 824 754 989 880
1055 831 754 996 880
