1446 -1 -1 -1 -1
0 1763 271 1911 334
1 1758 272 1903 334
2 1756 268 1901 330
3 1752 273 1896 334
4 1750 271 1899 331
5 1752 269 1901 329
6 1755 272 1904 332
7 1744 270 1887 333
8 1744 274 1890 330
9 1743 276 1889 332
10 1737 274 1883 330
11 1736 275 1882 331
12 1734 277 1880 333
13 1729 275 1875 331
14 1727 276 1873 332
15 1725 278 1871 334
16 1723 278 1869 334
17 1725 279 1871 335
18 1725 276 1871 332
19 1712 275 1858 331
20 1710 277 1856 333
21 1708 277 1854 333
22 1709 278 1855 334
23 1706 276 1852 332
24 1706 277 1852 333
25 1698 278 1844 334
26 1700 280 1846 336
27 1694 278 1840 334
28 1692 280 1838 336
29 1693 278 1839 334
30 1696 280 1842 336
31 1687 279 1833 335
32 1686 283 1832 339
33 1681 278 1827 334
34 1674 281 1820 337
35 1677 284 1821 338
36 1677 282 1821 336
37 1670 287 1814 341
38 1675 284 1819 338
39 1669 285 1813 339
40 1670 285 1814 339
41 1668 286 1812 340
42 1668 281 1812 335
43 1656 286 1800 340
44 1654 288 1798 342
45 1654 288 1798 342
46 1655 288 1799 342
47 1651 291 1795 345
48 1649 284 1793 338
49 1643 286 1787 340
50 1643 286 1787 340
51 1641 285 1785 339
52 1642 283 1786 337
53 1640 284 1784 338
54 1640 288 1784 342
55 1627 289 1771 343
56 1629 287 1773 341
57 1620 286 1764 340
58 1625 288 1769 342
59 1617 290 1761 344
60 1620 286 1764 340
61 1615 288 1759 342
62 1617 289 1761 343
63 1606 288 1750 342
64 1611 290 1755 344
65 1609 290 1753 344
66 1606 292 1750 346
67 1599 293 1743 347
68 1598 292 1742 346
69 1599 293 1743 347
70 1596 294 1740 348
71 1593 296 1737 350
72 1589 292 1733 346
73 1587 291 1731 345
74 1585 293 1729 347
75 1580 295 1724 349
76 1580 292 1724 346
77 1580 294 1724 348
78 1584 291 1728 345
79 1582 294 1726 348
80 1570 295 1714 349
81 1570 294 1714 348
82 1569 295 1713 349
83 1568 293 1712 347
84 1565 295 1709 349
85 1561 293 1705 347
86 1561 294 1705 348
87 1563 291 1707 350
88 1561 290 1705 349
89 1559 291 1703 350
90 1555 293 1699 352
91 1554 291 1698 350
92 1552 292 1696 351
93 1545 293 1689 352
94 1543 293 1687 352
95 1541 295 1685 354
96 1539 292 1683 351
97 1537 292 1681 351
98 1531 297 1675 356
99 1528 297 1672 356
100 1528 295 1672 354
101 1529 297 1673 356
102 1531 297 1675 356
103 1523 295 1667 354
104 1519 294 1663 353
105 1520 294 1664 353
106 1516 293 1660 352
107 1512 294 1656 353
108 1511 295 1655 354
109 1508 295 1652 354
110 1505 297 1649 356
111 1504 299 1648 358
112 1502 301 1646 360
113 1506 298 1650 357
114 1507 294 1651 353
115 1495 294 1639 353
116 1497 297 1641 356
117 1493 296 1637 355
118 1489 297 1633 356
119 1485 295 1629 354
120 1483 295 1627 354
121 1484 298 1628 357
122 1485 297 1629 356
123 1481 300 1625 359
124 1478 298 1622 357
125 1476 301 1620 360
126 1480 298 1624 357
127 1473 300 1617 359
128 1471 296 1615 355
129 1468 297 1612 356
130 1465 300 1609 359
131 1461 301 1605 360
132 1467 301 1611 360
133 1462 299 1606 358
134 1460 302 1604 361
135 1458 303 1602 362
136 1459 300 1603 359
137 1453 301 1597 360
138 1455 302 1599 361
139 1448 303 1592 362
140 1448 303 1592 362
141 1442 304 1586 363
142 1444 299 1588 358
143 1436 302 1580 361
144 1438 304 1582 363
145 1435 305 1579 364
146 1436 306 1580 365
147 1433 304 1577 363
148 1430 306 1574 365
149 1433 303 1577 362
150 1431 309 1575 368
151 1422 311 1566 370
152 1423 308 1567 367
153 1412 305 1556 364
154 1417 307 1561 366
155 1415 307 1559 366
156 1412 305 1556 364
157 1409 307 1553 366
158 1410 307 1554 366
159 1408 302 1557 365
160 1405 304 1554 367
161 1407 306 1556 369
162 1409 306 1558 369
163 1399 304 1548 367
164 1401 307 1550 370
165 1398 308 1547 371
166 1398 305 1547 368
167 1392 308 1541 371
168 1390 304 1539 367
169 1389 304 1538 367
170 1387 305 1536 368
171 1381 305 1530 368
172 1383 305 1532 368
173 1382 306 1531 369
174 1384 305 1533 368
175 1383 307 1532 370
176 1380 307 1529 370
177 1373 309 1522 372
178 1376 307 1525 370
179 1372 310 1521 373
180 1373 307 1522 370
181 1367 309 1516 372
182 1365 307 1514 370
183 1365 310 1514 373
184 1363 308 1512 371
185 1360 309 1509 372
186 1361 311 1510 374
187 1355 309 1504 372
188 1357 307 1506 370
189 1354 310 1503 373
190 1350 308 1499 371
191 1350 308 1499 371
192 1347 308 1496 371
193 1343 311 1492 374
194 1344 307 1493 370
195 1338 308 1487 371
196 1338 310 1487 373
197 1339 306 1488 369
198 1338 309 1487 372
199 1336 310 1485 373
200 1333 311 1482 374
201 1331 315 1480 378
202 1329 313 1478 376
203 1330 311 1479 374
204 1327 312 1476 375
205 1325 311 1474 374
206 1323 314 1472 377
207 1321 316 1470 379
208 1323 317 1472 380
209 1326 315 1475 378
210 1322 311 1471 374
211 1316 315 1465 378
212 1317 312 1466 375
213 1315 312 1464 375
214 1312 312 1461 375
215 1312 314 1461 377
216 1309 314 1458 377
217 1308 315 1457 378
218 1309 316 1458 379
219 1306 314 1455 377
220 1305 311 1454 374
221 1304 312 1453 375
222 1305 316 1454 379
223 1301 313 1450 376
224 1299 314 1448 377
225 1298 313 1447 376
226 1297 315 1446 378
227 1295 318 1444 381
228 1292 320 1441 383
229 1290 316 1439 379
230 1288 317 1437 380
231 1286 319 1435 382
232 1288 319 1437 382
233 1289 317 1438 380
234 1288 317 1437 380
235 1284 316 1433 379
236 1284 321 1433 384
237 1280 320 1429 383
238 1278 315 1427 378
239 1276 318 1425 381
240 1273 316 1422 379
241 1278 319 1427 382
242 1275 316 1424 379
243 1272 317 1421 380
244 1273 315 1422 378
245 1269 316 1418 379
246 1278 318 1427 381
247 1273 315 1422 378
248 1270 318 1419 381
249 1268 316 1417 379
250 1266 317 1415 380
251 1266 315 1415 378
252 1263 323 1412 386
253 1265 316 1414 379
254 1263 319 1412 382
255 1265 321 1414 384
256 1261 321 1410 384
257 1259 322 1408 385
258 1255 319 1404 382
259 1255 320 1404 383
260 1256 323 1405 386
261 1251 321 1400 384
262 1249 320 1398 383
263 1254 315 1403 378
264 1250 325 1399 388
265 1254 319 1403 382
266 1247 320 1396 383
267 1250 318 1399 381
268 1248 321 1397 384
269 1246 323 1395 386
270 1245 322 1394 385
271 1242 321 1391 384
272 1245 321 1394 384
273 1244 320 1393 383
274 1242 321 1391 384
275 1240 321 1389 384
276 1239 322 1388 385
277 1242 320 1391 383
278 1236 324 1385 387
279 1238 323 1387 386
280 1236 326 1385 389
281 1235 320 1384 383
282 1238 322 1387 385
283 1237 318 1386 381
284 1234 320 1383 383
285 1233 321 1382 384
286 1228 319 1377 382
287 1235 322 1384 385
288 1226 320 1375 383
289 1228 318 1377 381
290 1230 321 1379 384
291 1227 323 1376 386
292 1227 323 1376 386
293 1227 320 1376 383
294 1226 324 1375 387
295 1224 317 1373 380
296 1222 319 1371 382
297 1224 318 1373 381
298 1222 318 1371 381
299 1226 318 1375 381
300 1223 318 1372 381
301 1219 319 1368 382
302 1222 322 1371 385
303 1220 319 1369 382
304 1218 318 1367 381
305 1216 321 1365 384
306 1214 320 1363 383
307 1212 320 1361 383
308 1217 321 1366 384
309 1214 323 1363 386
310 1218 324 1367 387
311 1213 322 1362 385
312 1214 320 1363 383
313 1212 321 1361 384
314 1210 321 1359 384
315 1209 321 1358 384
316 1207 321 1356 384
317 1207 320 1356 383
318 1205 321 1354 384
319 1206 319 1355 382
320 1203 320 1352 383
321 1201 320 1350 383
322 1207 322 1356 385
323 1205 321 1354 384
324 1204 320 1353 383
325 1200 321 1349 384
326 1202 320 1351 383
327 1202 322 1351 385
328 1200 325 1349 388
329 1198 328 1347 391
330 1200 326 1349 389
331 1203 322 1352 385
332 1201 324 1350 387
333 1200 324 1349 387
334 1198 322 1347 385
335 1196 325 1345 388
336 1194 325 1343 388
337 1192 326 1341 389
338 1191 328 1340 391
339 1188 329 1337 392
340 1190 325 1339 388
341 1192 327 1341 390
342 1193 325 1342 388
343 1189 324 1338 387
344 1189 326 1338 389
345 1191 322 1340 385
346 1190 325 1339 388
347 1187 323 1336 386
348 1180 326 1329 389
349 1178 329 1327 392
350 1186 328 1335 391
351 1186 326 1335 389
352 1184 328 1333 391
353 1185 326 1334 389
354 1183 325 1332 388
355 1181 326 1330 389
356 1179 325 1328 388
357 1177 327 1326 390
358 1175 326 1324 389
359 1172 323 1321 386
360 1176 321 1325 384
361 1174 323 1323 386
362 1172 325 1321 388
363 1169 327 1318 390
364 1177 322 1326 385
365 1176 328 1325 391
366 1176 329 1325 392
367 1171 324 1320 387
368 1169 326 1318 389
369 1167 328 1316 391
370 1168 327 1317 390
371 1165 322 1314 385
372 1168 326 1317 389
373 1166 328 1315 391
374 1163 326 1312 389
375 1163 326 1312 389
376 1165 327 1314 390
377 1163 321 1312 384
378 1164 323 1313 386
379 1162 324 1311 387
380 1160 325 1309 388
381 1159 327 1308 390
382 1157 327 1306 390
383 1160 327 1309 390
384 1157 327 1306 390
385 1158 330 1307 393
386 1157 328 1306 391
387 1154 324 1303 387
388 1152 327 1301 390
389 1149 329 1298 392
390 1156 325 1305 388
391 1154 326 1303 389
392 1152 327 1301 390
393 1149 326 1298 389
394 1150 329 1299 392
395 1142 327 1291 390
396 1148 327 1297 390
397 1150 331 1299 394
398 1148 330 1297 393
399 1143 328 1292 391
400 1143 324 1292 387
401 1148 325 1297 388
402 1145 328 1294 391
403 1142 329 1291 392
404 1144 327 1293 390
405 1141 328 1290 391
406 1137 327 1286 390
407 1138 330 1287 393
408 1136 332 1285 395
409 1134 325 1283 388
410 1138 325 1287 388
411 1135 328 1284 391
412 1135 327 1284 390
413 1138 325 1287 388
414 1138 329 1287 392
415 1135 329 1284 392
416 1131 332 1280 395
417 1134 331 1283 394
418 1129 329 1278 392
419 1129 327 1278 390
420 1127 329 1276 392
421 1125 329 1274 392
422 1123 328 1272 391
423 1121 329 1270 392
424 1124 327 1273 390
425 1122 330 1271 393
426 1125 333 1274 396
427 1120 330 1269 393
428 1123 330 1272 393
429 1119 332 1268 395
430 1122 332 1271 395
431 1115 328 1264 391
432 1120 328 1269 391
433 1118 329 1267 392
434 1116 330 1265 393
435 1113 330 1262 393
436 1111 332 1260 395
437 1113 335 1262 398
438 1117 333 1266 396
439 1110 332 1259 395
440 1108 333 1257 396
441 1105 332 1254 395
442 1105 330 1254 393
443 1101 331 1250 394
444 1100 332 1249 395
445 1099 332 1248 395
446 1097 332 1246 395
447 1095 336 1244 399
448 1103 332 1252 395
449 1100 335 1249 398
450 1099 333 1248 396
451 1097 337 1246 400
452 1095 335 1244 398
453 1097 333 1246 396
454 1095 335 1244 398
455 1094 337 1243 400
456 1094 334 1243 397
457 1093 337 1242 400
458 1089 335 1238 398
459 1090 333 1239 396
460 1089 333 1238 396
461 1088 334 1237 397
462 1089 332 1238 395
463 1087 334 1236 397
464 1086 331 1235 394
465 1084 334 1233 397
466 1087 336 1236 399
467 1081 336 1230 399
468 1083 340 1232 403
469 1081 336 1230 399
470 1077 336 1226 399
471 1078 331 1227 394
472 1075 338 1224 401
473 1073 337 1222 400
474 1073 336 1222 399
475 1075 334 1224 397
476 1069 331 1218 394
477 1067 334 1216 397
478 1065 335 1214 398
479 1066 333 1215 396
480 1068 334 1217 397
481 1073 332 1222 395
482 1071 333 1220 396
483 1069 333 1218 396
484 1069 330 1218 393
485 1069 333 1218 396
486 1069 337 1218 400
487 1063 336 1212 399
488 1057 336 1206 399
489 1059 337 1208 400
490 1057 341 1206 404
491 1059 336 1208 399
492 1057 336 1206 399
493 1056 338 1205 401
494 1054 340 1203 403
495 1050 339 1199 402
496 1050 334 1199 397
497 1050 337 1199 400
498 1058 338 1207 401
499 1051 335 1200 398
500 1049 338 1198 401
501 1043 337 1192 400
502 1043 338 1192 401
503 1046 336 1195 399
504 1038 339 1187 402
505 1039 333 1188 396
506 1037 332 1186 395
507 1036 335 1185 398
508 1039 339 1188 402
509 1032 336 1181 399
510 1033 339 1182 402
511 1029 337 1178 400
512 1027 339 1176 402
513 1028 336 1177 399
514 1025 337 1174 400
515 1022 340 1171 403
516 1020 341 1169 404
517 1021 334 1177 396
518 1021 339 1177 401
519 1019 339 1175 401
520 1018 340 1174 402
521 1020 335 1176 397
522 1020 338 1176 400
523 1012 337 1168 399
524 1011 339 1167 401
525 1009 339 1165 401
526 1007 338 1163 400
527 1007 337 1163 399
528 1005 339 1161 401
529 1006 342 1162 404
530 1000 340 1156 402
531 1000 339 1156 401
532 996 340 1152 402
533 996 337 1152 399
534 997 337 1153 399
535 999 335 1155 397
536 997 335 1153 397
537 995 338 1151 400
538 995 336 1151 398
539 993 339 1149 401
540 987 338 1143 400
541 987 337 1143 399
542 985 337 1141 399
543 986 337 1142 399
544 983 338 1139 400
545 981 336 1137 398
546 978 340 1134 402
547 978 341 1134 403
548 977 342 1133 404
549 975 338 1131 400
550 975 337 1131 399
551 972 339 1128 401
552 970 337 1126 399
553 970 336 1126 398
554 969 335 1125 397
555 967 342 1123 404
556 965 342 1121 404
557 962 335 1118 397
558 960 338 1116 400
559 962 336 1118 398
560 958 339 1114 401
561 954 334 1110 396
562 952 337 1108 399
563 951 340 1107 402
564 949 341 1105 403
565 961 343 1117 405
566 949 341 1105 403
567 944 338 1100 400
568 940 338 1096 400
569 943 335 1099 397
570 937 337 1093 399
571 935 341 1091 403
572 933 344 1089 406
573 933 341 1089 403
574 924 337 1080 399
575 919 338 1075 400
576 923 338 1079 400
577 921 338 1077 400
578 919 337 1075 399
579 925 334 1081 396
580 923 337 1079 399
581 919 337 1075 399
582 915 338 1071 400
583 915 333 1071 395
584 915 334 1071 396
585 913 335 1069 397
586 911 337 1067 399
587 907 333 1063 395
588 908 335 1064 397
589 907 334 1063 396
590 903 332 1059 394
591 901 334 1057 396
592 900 333 1056 395
593 898 336 1054 398
594 900 334 1056 396
595 897 333 1053 395
596 895 332 1051 394
597 889 330 1045 392
598 887 332 1043 394
599 882 333 1038 395
600 883 333 1039 395
601 882 332 1038 394
602 882 335 1038 397
603 877 333 1033 395
604 873 333 1029 395
605 880 332 1036 394
606 878 335 1034 397
607 872 331 1028 393
608 872 331 1028 393
609 869 334 1025 396
610 866 331 1022 393
611 865 331 1021 393
612 865 333 1021 395
613 864 329 1020 391
614 864 330 1020 392
615 859 328 1015 390
616 858 330 1014 392
617 856 331 1012 393
618 854 331 1010 393
619 852 334 1008 396
620 848 332 1004 394
621 846 332 1002 394
622 848 326 1004 388
623 846 327 1002 389
624 844 332 1000 394
625 846 327 1002 389
626 844 329 1000 391
627 842 326 998 388
628 840 329 996 391
629 842 327 998 389
630 842 325 998 387
631 840 326 996 388
632 833 328 989 390
633 834 326 990 388
634 830 331 986 393
635 823 334 979 396
636 822 335 978 397
637 823 324 979 386
638 819 331 975 393
639 814 324 970 386
640 812 325 968 387
641 810 326 966 388
642 808 326 964 388
643 811 328 967 390
644 811 324 967 386
645 810 326 966 388
646 811 322 967 384
647 808 318 964 380
648 806 323 962 385
649 802 321 958 383
650 800 326 956 388
651 801 318 957 380
652 799 321 955 383
653 796 323 952 385
654 793 325 949 387
655 790 325 946 387
656 791 323 947 385
657 789 318 945 380
658 787 322 943 384
659 785 321 941 383
660 783 322 939 384
661 783 322 939 384
662 781 323 937 385
663 780 323 936 385
664 778 317 934 379
665 776 320 932 382
666 782 318 938 380
667 776 320 932 382
668 773 317 929 379
669 771 317 927 379
670 769 319 925 381
671 769 317 925 379
672 767 320 923 382
673 763 318 919 380
674 761 320 917 382
675 760 316 916 378
676 759 316 915 378
677 757 316 913 378
678 758 319 914 381
679 756 313 912 375
680 755 311 911 373
681 752 314 908 376
682 750 314 906 376
683 749 316 905 378
684 747 319 903 381
685 746 315 902 377
686 746 310 902 372
687 744 314 900 376
688 743 312 899 374
689 745 311 901 373
690 743 312 899 374
691 743 309 899 371
692 742 311 898 373
693 740 310 896 372
694 739 312 895 374
695 740 310 896 372
696 736 311 892 373
697 734 311 890 373
698 732 309 888 371
699 735 307 891 369
700 731 302 887 364
701 729 309 885 371
702 727 310 883 372
703 726 311 882 373
704 724 304 880 366
705 722 305 878 367
706 722 305 878 367
707 718 304 874 366
708 719 305 875 367
709 719 302 875 364
710 719 301 875 363
711 717 298 873 360
712 715 303 871 365
713 713 304 869 366
714 713 303 869 365
715 708 300 864 362
716 704 301 860 363
717 704 301 860 363
718 705 302 861 364
719 703 303 859 365
720 704 298 860 360
721 702 300 858 362
722 701 298 857 360
723 699 296 855 358
724 697 296 853 358
725 696 300 852 362
726 696 301 852 363
727 687 301 843 363
728 688 299 844 361
729 690 297 846 359
730 692 297 848 359
731 689 290 845 352
732 687 297 843 359
733 686 299 842 361
734 684 294 840 356
735 684 292 840 354
736 682 295 817 353
737 692 293 815 355
738 686 291 813 350
739 684 289 809 354
740 682 294 807 359
741 682 294 807 359
742 679 292 804 357
743 681 292 806 357
744 675 288 800 353
745 673 286 799 354
746 671 284 797 346
747 669 282 797 349
748 667 280 802 350
749 674 281 800 344
750 672 280 797 348
751 670 278 797 353
752 670 274 797 349
753 667 279 792 353
754 665 281 791 351
755 656 279 789 344
756 662 277 784 349
757 660 276 780 347
758 663 277 783 348
759 657 275 781 343
760 655 281 776 348
761 652 279 774 343
762 655 277 779 343
763 653 278 776 341
764 651 276 769 344
765 649 274 767 344
766 649 272 767 342
767 647 273 765 343
768 647 274 765 344
769 644 267 762 337
770 642 276 761 338
771 640 278 759 340
772 639 277 758 339
773 641 277 760 339
774 643 278 762 340
775 637 276 760 333
776 635 274 751 336
777 633 272 751 335
778 631 270 745 338
779 629 268 743 333
780 627 271 746 330
781 627 274 746 333
782 626 271 745 330
783 624 271 743 330
784 625 270 744 329
785 623 268 742 327
786 621 274 740 333
787 617 267 736 326
788 617 270 736 329
789 618 268 737 327
790 611 270 730 329
791 609 266 728 325
792 608 269 727 328
793 610 262 729 321
794 607 262 726 321
795 605 265 724 324
796 605 267 724 326
797 607 266 726 325
798 609 264 728 323
799 607 265 726 324
800 605 263 714 323
801 601 261 710 321
802 599 263 708 323
803 599 261 708 321
804 597 261 706 321
805 595 261 704 321
806 595 260 704 320
807 593 257 702 317
808 594 261 703 321
809 594 255 703 315
810 592 256 701 316
811 586 254 695 314
812 584 253 693 313
813 586 255 695 315
814 583 258 692 318
815 581 251 690 311
816 581 256 690 316
817 582 254 691 314
818 580 251 689 311
819 578 253 687 313
820 575 254 684 314
821 574 249 683 309
822 574 249 683 309
823 574 248 683 308
824 573 250 682 310
825 567 246 676 306
826 565 247 674 307
827 566 245 675 305
828 565 247 674 307
829 566 245 675 305
830 565 244 674 304
831 562 240 671 300
832 559 244 668 304
833 559 244 668 304
834 558 242 667 302
835 557 243 660 300
836 558 243 661 300
837 554 243 657 300
838 558 241 661 298
839 556 242 659 299
840 553 240 656 297
841 551 239 654 296
842 550 239 653 296
843 548 240 651 297
844 547 238 650 295
845 546 239 649 296
846 544 241 647 298
847 542 234 645 291
848 540 234 643 291
849 538 234 641 291
850 538 236 641 293
851 539 232 642 289
852 536 236 639 293
853 534 230 637 287
854 533 232 636 289
855 533 234 636 291
856 532 234 635 291
857 530 229 633 286
858 530 230 633 287
859 528 230 629 285
860 526 232 627 287
861 522 229 623 284
862 522 229 623 284
863 524 227 625 282
864 522 230 623 285
865 522 226 623 281
866 520 229 621 284
867 518 225 619 280
868 519 226 620 281
869 520 226 621 281
870 517 223 618 278
871 515 223 616 278
872 514 221 609 280
873 512 222 607 281
874 514 216 609 275
875 511 221 606 280
876 512 219 607 278
877 513 214 608 273
878 511 220 600 271
879 510 216 599 267
880 509 217 598 268
881 509 220 598 271
882 507 220 596 271
883 502 216 591 267
884 503 218 592 269
885 503 212 592 263
886 501 212 590 263
887 501 211 590 262
888 499 214 588 265
889 497 215 586 266
890 495 210 584 261
891 495 216 584 267
892 493 211 582 262
893 493 211 582 262
894 499 209 588 260
895 492 210 581 261
896 490 210 579 261
897 491 209 580 260
898 485 205 574 256
899 484 208 573 259
900 485 204 574 255
901 482 206 571 257
902 479 204 568 255
903 478 203 567 254
904 479 206 568 257
905 480 204 569 255
906 480 206 569 257
907 480 203 569 254
908 478 201 567 260
909 477 202 566 261
910 475 201 564 260
911 474 199 563 258
912 472 196 561 255
913 473 194 562 253
914 469 193 558 252
915 468 200 557 259
916 466 193 555 252
917 466 193 555 252
918 466 193 555 252
919 464 188 553 247
920 464 192 553 251
921 467 185 556 244
922 465 189 554 248
923 462 186 551 245
924 460 185 549 244
925 458 186 547 245
926 456 188 545 247
927 460 193 540 240
928 458 194 538 241
929 457 197 537 244
930 458 191 538 238
931 455 191 535 238
932 452 194 532 241
933 450 190 530 237
934 450 190 530 237
935 448 191 528 238
936 448 189 528 236
937 452 186 532 233
938 450 188 530 235
939 445 186 525 233
940 446 183 526 230
941 444 187 524 234
942 443 181 523 228
943 436 182 516 229
944 441 180 521 227
945 440 181 520 228
946 441 179 521 226
947 438 176 518 223
948 434 176 514 223
949 433 176 513 223
950 433 179 513 226
951 429 177 509 224
952 429 174 509 221
953 430 178 510 225
954 429 179 509 226
955 427 172 507 219
956 425 173 505 220
957 425 177 505 224
958 426 175 506 222
959 424 171 504 218
960 421 174 501 221
961 419 170 499 217
962 422 171 502 218
963 418 171 498 218
964 420 168 500 215
965 421 175 499 219
966 418 173 496 217
967 416 169 494 213
968 414 169 492 213
969 411 168 489 212
970 418 166 496 210
971 415 166 493 210
972 410 165 488 209
973 405 163 483 207
974 405 164 483 208
975 402 164 480 208
976 404 166 482 210
977 407 165 485 209
978 406 168 484 212
979 403 165 481 209
980 399 160 477 204
981 396 160 474 204
982 400 162 478 206
983 398 159 476 203
984 399 162 477 206
985 396 160 474 204
986 391 156 469 200
987 388 157 466 201
988 390 157 468 201
989 393 153 471 197
990 391 157 469 201
991 388 153 466 197
992 389 156 467 200
993 387 154 465 198
994 385 157 463 201
995 381 153 459 197
996 389 152 467 196
997 385 150 463 194
998 382 151 460 195
999 383 149 461 193
1000 380 150 458 194
1001 378 152 456 196
1002 381 148 457 195
1003 379 144 455 191
1004 377 146 454 189
1005 375 146 452 187
1006 373 146 450 185
1007 372 150 449 189
1008 372 148 449 187
1009 367 146 444 185
1010 369 144 442 186
1011 372 144 445 186
1012 369 145 442 187
1013 368 143 441 185
1014 379 141 439 188
1015 373 140 433 187
1016 371 139 431 186
1017 366 138 426 185
1018 367 138 436 186
1019 364 134 433 182
1020 363 134 432 182
1021 361 136 430 184
1022 364 135 433 183
1023 362 135 429 181
1024 360 137 427 183
1025 360 133 427 179
1026 362 139 424 180
1027 360 136 422 177
1028 359 133 421 174
1029 357 135 419 176
1030 355 137 417 178
1031 357 134 419 175
1032 350 132 412 173
1033 353 134 415 175
1034 351 136 413 177
1035 349 133 411 174
1036 346 131 408 172
1037 350 130 412 171
1038 352 132 414 173
1039 352 130 414 171
1040 346 128 408 169
1041 343 129 405 170
1042 348 127 410 168
1043 341 132 403 173
1044 347 130 409 171
1045 345 124 407 165
1046 340 124 402 165
1047 337 126 399 167
1048 335 126 397 167
1049 338 125 400 166
1050 336 128 398 169
1051 334 129 396 170
1052 333 125 395 166
1053 331 120 393 161
1054 331 119 393 160
1055 329 119 391 160
1056 328 120 390 161
1057 325 120 387 161
1058 333 122 395 163
1059 330 122 392 163
1060 329 115 391 156
1061 327 119 389 160
1062 325 120 387 161
1063 323 114 385 155
1064 321 116 383 157
1065 319 116 381 157
1066 317 117 379 158
1067 313 115 375 156
1068 314 114 376 155
1069 312 117 374 158
1070 314 112 376 153
1071 312 114 374 155
1072 316 112 378 153
1073 313 110 375 151
1074 311 113 373 154
1075 309 113 371 154
1076 307 108 369 149
1077 306 108 368 149
1078 307 106 369 147
1079 305 109 367 150
1080 305 108 367 149
1081 303 109 365 150
1082 303 103 365 144
1083 301 107 363 148
1084 301 105 363 146
1085 301 107 363 148
1086 303 108 365 149
1087 301 103 363 144
1088 299 104 361 145
1089 298 102 360 143
1090 300 100 362 141
1091 297 102 359 143
1092 295 104 355 141
1093 293 106 353 143
1094 297 102 357 139
1095 294 102 354 139
1096 292 102 352 139
1097 299 104 359 141
1098 296 102 356 139
1099 294 103 354 140
1100 292 105 352 142
1101 290 101 350 138
1102 287 99 347 136
1103 285 101 345 138
1104 285 100 345 137
1105 283 101 343 138
1106 282 99 342 136
1107 279 99 339 136
1108 279 98 339 135
1109 280 96 340 133
1110 281 96 341 133
1111 279 97 339 134
1112 280 96 340 133
1113 277 91 337 128
1114 275 94 335 131
1115 273 95 333 132
1116 277 92 337 129
1117 279 94 339 131
1118 274 93 334 130
1119 274 90 334 127
1120 272 92 332 129
1121 274 93 334 130
1122 275 92 335 129
1123 272 89 332 126
1124 267 87 323 129
1125 275 88 331 130
1126 275 83 331 125
1127 272 89 328 131
1128 270 85 326 127
1129 273 86 329 128
1130 270 85 326 127
1131 266 80 322 122
1132 262 82 318 124
1133 267 84 323 126
1134 265 81 321 123
1135 262 78 318 120
1136 263 82 319 124
1137 263 79 319 121
1138 259 80 315 122
1139 257 83 313 125
1140 263 81 319 123
1141 258 79 314 121
1142 263 78 319 120
1143 259 76 315 118
1144 262 78 318 120
1145 258 77 314 119
1146 257 78 313 120
1147 255 81 311 123
1148 253 75 309 117
1149 255 78 311 120
1150 253 74 309 116
1151 249 73 305 115
1152 254 75 310 117
1153 251 78 307 120
1154 248 75 304 117
1155 246 72 302 114
1156 247 72 303 114
1157 245 73 301 115
1158 246 71 302 113
1159 244 73 300 115
1160 243 73 299 115
1161 245 71 301 113
1162 242 75 298 117
1163 242 72 298 114
1164 240 66 296 108
1165 238 70 294 112
1166 236 72 292 114
1167 238 69 294 111
1168 236 71 292 113
1169 235 69 291 111
1170 235 71 291 113
1171 233 71 289 113
1172 232 67 288 109
1173 233 66 289 108
1174 231 67 287 109
1175 229 63 285 105
1176 227 66 283 108
1177 230 64 286 106
1178 226 62 282 104
1179 227 58 283 100
1180 225 61 281 103
1181 223 65 279 107
1182 226 64 282 106
1183 224 60 280 102
1184 222 61 278 103
1185 228 59 284 101
1186 226 59 282 101
1187 223 60 279 102
1188 221 60 277 102
1189 218 61 274 103
1190 218 61 274 103
1191 219 59 275 101
1192 218 59 274 101
1193 219 61 275 103
1194 218 58 274 100
1195 216 59 272 101
1196 216 57 272 99
1197 215 56 271 98
1198 214 56 270 98
1199 215 58 271 100
1200 215 53 271 95
1201 211 55 267 97
1202 211 53 267 95
1203 209 56 265 98
1204 211 50 267 92
1205 212 50 268 92
1206 210 51 266 93
1207 212 49 268 91
1208 210 51 266 93
1209 208 52 264 94
1210 206 54 262 96
1211 205 54 261 96
1212 207 48 263 90
1213 208 45 264 87
1214 204 48 260 90
1215 202 47 258 89
1216 205 53 261 95
1217 204 51 260 93
1218 209 46 265 88
1219 206 46 262 88
1220 202 47 258 89
1221 201 48 257 90
1222 202 48 258 90
1223 202 45 258 87
1224 200 51 256 93
1225 198 45 254 87
1226 196 47 252 89
1227 197 46 253 88
1228 204 46 260 88
1229 201 40 257 82
1230 198 48 254 90
1231 196 45 252 87
1232 194 46 250 88
1233 196 41 252 83
1234 193 42 249 84
1235 196 41 252 83
1236 194 45 250 87
1237 192 40 248 82
1238 190 40 246 82
1239 195 43 251 85
1240 191 43 247 85
1241 190 41 246 83
1242 189 39 245 81
1243 187 41 243 83
1244 190 39 246 81
1245 188 38 244 80
1246 186 38 242 80
1247 187 40 243 82
1248 189 37 245 79
1249 185 37 241 79
1250 183 38 239 80
1251 182 36 238 78
1252 180 32 236 74
1253 181 37 237 79
1254 179 37 235 79
1255 185 38 241 80
1256 183 34 239 76
1257 181 33 237 75
1258 177 31 233 73
1259 178 35 234 77
1260 178 33 234 75
1261 177 34 233 76
1262 179 34 235 76
1263 177 25 233 67
1264 175 28 231 70
1265 174 36 230 78
1266 179 33 235 75
1267 174 32 230 74
1268 172 32 228 74
1269 170 32 226 74
1270 171 29 227 71
1271 174 30 230 72
1272 172 31 228 73
1273 170 33 226 75
1274 169 23 225 65
1275 166 23 222 65
1276 165 28 221 70
1277 168 25 224 67
1278 166 32 222 74
1279 171 25 227 67
1280 169 24 225 66
1281 165 23 221 65
1282 163 25 219 67
1283 165 24 221 66
1284 163 26 219 68
1285 166 18 222 60
1286 164 22 220 64
1287 164 22 220 64
1288 162 24 218 66
1289 172 27 228 69
1290 168 22 224 64
1291 163 24 219 66
1292 161 25 217 67
1293 160 23 216 65
1294 165 24 221 66
1295 161 24 217 66
1296 166 24 222 66
1297 162 23 218 65
1298 160 16 216 58
1299 158 19 214 61
1300 161 19 217 61
1301 156 22 212 64
1302 157 15 213 57
1303 153 17 209 59
1304 155 15 211 57
1305 153 22 209 64
1306 152 26 208 68
1307 156 22 212 64
1308 158 17 214 59
1309 155 18 211 60
1310 158 20 214 62
1311 145 19 201 61
1312 157 19 204 55
1313 151 20 198 56
1314 154 15 201 51
1315 152 18 199 54
1316 156 19 203 55
1317 154 22 201 58
1318 154 19 194 50
1319 152 20 192 51
1320 157 22 197 53
1321 158 20 198 51
1322 156 21 196 52
1323 154 15 194 46
1324 152 15 192 46
1325 150 18 190 49
1326 150 16 190 47
1327 151 18 191 49
1328 150 19 190 50
1329 148 21 188 52
