589 -1 -1 -1 -1
0 1246 345 1440 436
1 1246 345 1440 436
2 1245 343 1439 434
3 1244 341 1438 432
4 1240 348 1439 436
5 1241 347 1440 435
6 1241 346 1440 434
7 1241 347 1440 435
8 1241 348 1440 436
9 1241 348 1440 436
10 1240 348 1439 436
11 1242 346 1441 434
12 1241 345 1440 433
13 1241 345 1440 433
14 1240 346 1439 434
15 1239 347 1438 435
16 1238 347 1437 435
17 1238 348 1437 436
18 1237 348 1436 436
19 1238 348 1431 437
20 1237 348 1430 437
21 1236 346 1429 435
22 1235 346 1428 435
23 1235 346 1428 435
24 1236 345 1429 434
25 1236 344 1429 433
26 1235 345 1428 434
27 1235 344 1428 433
28 1234 344 1427 433
29 1232 344 1425 433
30 1231 344 1424 433
31 1231 345 1424 434
32 1231 345 1424 434
33 1231 345 1424 434
34 1231 344 1424 433
35 1229 345 1422 434
36 1228 345 1421 434
37 1227 345 1420 434
38 1228 344 1421 433
39 1228 344 1421 433
40 1227 343 1420 432
41 1226 343 1419 432
42 1225 343 1418 432
43 1224 341 1417 430
44 1220 348 1419 436
45 1221 349 1420 437
46 1221 347 1420 435
47 1220 346 1419 434
48 1218 347 1417 435
49 1220 346 1419 434
50 1220 346 1419 434
51 1220 347 1419 435
52 1217 348 1416 436
53 1216 348 1415 436
54 1215 347 1414 435
55 1215 347 1414 435
56 1215 347 1414 435
57 1214 347 1413 435
58 1213 347 1412 435
59 1212 347 1411 435
60 1213 349 1412 437
61 1213 349 1412 437
62 1212 348 1411 436
63 1210 348 1409 436
64 1209 347 1408 435
65 1208 346 1407 434
66 1209 351 1405 435
67 1208 350 1404 434
68 1208 350 1404 434
69 1208 349 1404 433
70 1207 351 1403 435
71 1206 351 1402 435
72 1205 351 1401 435
73 1204 349 1400 433
74 1204 352 1400 436
75 1204 353 1400 437
76 1203 354 1399 438
77 1203 353 1399 437
78 1203 353 1399 437
79 1203 352 1399 436
80 1202 352 1398 436
81 1201 353 1397 437
82 1200 353 1396 437
83 1199 352 1395 436
84 1197 352 1393 436
85 1199 351 1395 435
86 1198 350 1394 434
87 1197 353 1393 437
88 1196 353 1392 437
89 1197 353 1393 437
90 1197 353 1393 437
91 1195 353 1391 437
92 1193 353 1389 437
93 1193 351 1389 435
94 1191 351 1387 435
95 1191 352 1387 436
96 1191 352 1387 436
97 1190 352 1386 436
98 1190 351 1386 435
99 1188 354 1384 438
100 1187 354 1383 438
101 1187 354 1383 438
102 1185 354 1381 438
103 1184 355 1380 439
104 1183 356 1379 440
105 1183 355 1379 439
106 1182 355 1378 439
107 1182 355 1378 439
108 1183 354 1379 438
109 1183 353 1379 437
110 1181 355 1377 439
111 1180 355 1376 439
112 1178 357 1374 441
113 1178 357 1374 441
114 1178 357 1374 441
115 1176 357 1372 441
116 1175 357 1371 441
117 1175 357 1371 441
118 1173 357 1369 441
119 1173 356 1369 440
120 1172 356 1368 440
121 1171 356 1367 440
122 1170 356 1366 440
123 1170 356 1366 440
124 1168 356 1364 440
125 1168 354 1364 438
126 1166 356 1362 440
127 1166 356 1362 440
128 1166 356 1362 440
129 1164 358 1360 442
130 1162 359 1358 443
131 1163 357 1359 441
132 1163 355 1359 439
133 1165 355 1361 439
134 1158 357 1357 445
135 1157 357 1356 445
136 1157 355 1356 443
137 1155 355 1354 443
138 1153 355 1352 443
139 1152 355 1351 443
140 1151 355 1350 443
141 1150 356 1349 444
142 1149 354 1348 442
143 1149 352 1348 440
144 1149 353 1348 441
145 1147 357 1346 445
146 1146 357 1345 445
147 1146 357 1345 445
148 1145 357 1344 445
149 1145 358 1344 446
150 1144 358 1343 446
151 1142 358 1341 446
152 1140 358 1339 446
153 1140 358 1339 446
154 1139 357 1338 445
155 1139 356 1334 445
156 1138 355 1333 444
157 1137 355 1332 444
158 1134 355 1329 444
159 1133 356 1328 445
160 1133 355 1328 444
161 1133 354 1328 443
162 1132 355 1327 444
163 1131 355 1326 444
164 1130 355 1325 444
165 1130 355 1325 444
166 1123 364 1329 449
167 1120 363 1326 448
168 1123 358 1323 446
169 1122 358 1322 446
170 1119 358 1319 446
171 1117 358 1317 446
172 1115 358 1315 446
173 1113 359 1313 447
174 1113 360 1316 445
175 1111 360 1314 445
176 1109 361 1312 446
177 1108 361 1311 446
178 1108 360 1311 445
179 1108 361 1311 446
180 1106 361 1309 446
181 1108 362 1309 448
182 1103 363 1304 449
183 1102 363 1303 449
184 1100 363 1301 449
185 1099 361 1300 447
186 1097 363 1298 449
187 1094 361 1296 451
188 1094 360 1296 450
189 1094 360 1296 450
190 1092 362 1294 452
191 1090 362 1292 452
192 1088 362 1290 452
193 1093 361 1295 451
194 1086 360 1288 450
195 1087 360 1289 450
196 1085 360 1287 450
197 1082 359 1284 449
198 1081 362 1283 452
199 1079 362 1281 452
200 1078 362 1280 452
201 1076 362 1278 452
202 1077 360 1279 450
203 1075 363 1277 453
204 1076 364 1278 454
205 1077 362 1279 452
206 1069 362 1271 452
207 1067 363 1269 453
208 1068 361 1270 451
209 1067 362 1269 452
210 1065 362 1267 452
211 1064 361 1266 451
212 1061 360 1263 450
213 1059 361 1261 451
214 1059 360 1261 450
215 1058 359 1260 449
216 1057 358 1259 448
217 1057 357 1259 447
218 1055 355 1257 445
219 1045 365 1254 443
220 1042 363 1251 441
221 1040 364 1249 442
222 1038 364 1247 442
223 1036 363 1245 441
224 1036 364 1245 442
225 1041 364 1245 440
226 1038 363 1242 439
227 1037 363 1241 439
228 1037 364 1241 440
229 1037 364 1241 440
230 1031 362 1235 438
231 1032 362 1236 438
232 1028 366 1232 442
233 1026 366 1230 442
234 1024 366 1228 442
235 1030 371 1226 446
236 1026 371 1222 446
237 1024 370 1220 445
238 1023 369 1218 462
239 1022 368 1221 446
240 1020 370 1219 448
241 1018 371 1217 449
242 1015 372 1215 463
243 1013 372 1213 463
244 1011 371 1211 462
245 1012 371 1209 468
246 1010 370 1207 467
247 1010 368 1207 465
248 1008 367 1205 464
249 1006 366 1203 463
250 1003 369 1200 466
251 1003 367 1200 464
252 1001 368 1198 465
253 1001 367 1198 464
254 997 368 1194 465
255 996 367 1193 464
256 994 369 1191 466
257 992 369 1189 466
258 990 368 1187 465
259 988 372 1185 469
260 987 372 1184 469
261 985 373 1182 470
262 983 373 1180 470
263 981 372 1178 469
264 984 371 1181 468
265 983 371 1180 468
266 977 375 1174 472
267 977 375 1174 472
268 975 375 1172 472
269 974 375 1171 472
270 972 377 1169 474
271 970 376 1167 473
272 966 376 1163 473
273 967 376 1162 479
274 962 375 1157 478
275 961 373 1156 476
276 963 372 1158 475
277 963 371 1158 474
278 957 374 1152 477
279 955 374 1150 477
280 954 374 1149 477
281 952 377 1147 480
282 948 378 1143 481
283 948 378 1143 481
284 946 377 1141 480
285 945 376 1140 479
286 944 383 1139 483
287 943 382 1138 482
288 942 381 1137 481
289 941 380 1136 480
290 938 382 1133 482
291 934 381 1129 481
292 932 385 1127 485
293 930 387 1125 487
294 928 387 1123 487
295 926 388 1121 488
296 924 388 1119 488
297 925 389 1117 497
298 924 387 1116 495
299 927 385 1114 493
300 925 385 1112 493
301 923 385 1110 493
302 921 387 1108 495
303 919 386 1106 494
304 916 386 1103 494
305 920 393 1101 492
306 913 394 1094 493
307 912 391 1097 500
308 909 390 1094 499
309 909 389 1094 498
310 905 392 1090 501
311 903 394 1088 503
312 903 392 1088 501
313 904 392 1089 501
314 901 392 1086 501
315 899 396 1084 505
316 896 397 1081 506
317 894 398 1079 507
318 892 400 1077 509
319 890 402 1075 511
320 887 402 1072 511
321 886 403 1071 512
322 885 403 1070 512
323 883 405 1068 514
324 883 404 1068 513
325 881 404 1066 513
326 879 404 1064 513
327 877 404 1062 513
328 881 408 1054 524
329 879 406 1052 522
330 877 406 1050 522
331 880 405 1053 521
332 876 405 1049 521
333 874 405 1047 521
334 872 406 1045 522
335 870 408 1043 524
336 868 407 1041 523
337 873 407 1046 523
338 865 410 1038 526
339 874 411 1034 532
340 876 409 1032 532
341 877 407 1033 530
342 875 407 1031 530
343 871 410 1027 533
344 869 410 1025 533
345 872 411 1028 534
346 870 412 1026 535
347 868 413 1024 536
348 866 413 1022 536
349 870 413 1026 536
350 868 418 1024 541
351 866 418 1022 541
352 864 420 1020 543
353 863 419 1019 542
354 861 423 1017 546
355 859 423 1015 546
356 857 424 1013 547
357 856 427 1012 550
358 854 430 1010 553
359 862 428 1005 561
360 861 426 1004 559
361 861 424 1004 557
362 859 426 1002 559
363 857 428 1000 561
364 856 428 999 561
365 854 429 997 562
366 853 430 996 563
367 854 430 997 563
368 854 431 997 564
369 852 432 995 565
370 850 433 993 566
371 850 434 993 567
372 851 434 994 567
373 852 434 995 567
374 851 442 994 575
375 850 442 993 575
376 854 443 987 582
377 853 446 986 585
378 851 446 984 585
379 851 447 984 586
380 852 447 985 586
381 852 447 985 586
382 852 446 985 585
383 852 447 985 586
384 851 447 984 586
385 851 447 984 586
386 849 452 977 593
387 849 452 977 593
388 848 453 976 594
389 847 453 975 594
390 845 461 973 602
391 845 461 973 602
392 847 462 972 611
393 845 462 970 611
394 846 460 971 609
395 844 463 969 612
396 846 463 971 612
397 846 463 971 612
398 845 465 970 614
399 849 471 969 613
400 848 473 970 625
401 849 473 971 625
402 849 472 971 624
403 853 477 968 634
404 854 475 966 633
405 854 474 966 632
406 854 473 966 631
407 856 481 964 629
408 856 479 964 627
409 856 480 964 628
410 855 488 963 649
411 853 486 966 647
412 859 485 972 646
413 855 489 968 650
414 858 486 971 647
415 858 485 971 646
416 859 498 972 659
417 858 496 971 657
418 862 494 975 655
419 859 498 972 659
420 864 500 975 671
421 857 498 975 667
422 859 508 976 676
423 859 506 974 673
424 861 505 976 672
425 864 509 976 677
426 864 515 978 682
427 861 515 975 682
428 864 515 978 682
429 862 520 986 692
430 864 524 986 699
431 863 522 985 697
432 863 520 985 695
433 863 519 985 694
434 867 527 993 707
435 870 526 990 707
436 866 535 997 714
437 868 532 999 711
438 868 535 999 714
439 868 537 999 716
440 865 540 1005 723
441 867 539 1005 723
442 871 545 1009 725
443 870 545 1010 729
444 868 542 1008 726
445 870 544 1010 728
446 870 547 1021 737
447 874 550 1016 740
448 874 556 1021 739
449 873 556 1021 738
450 871 563 1019 745
451 873 560 1022 745
452 877 562 1030 748
453 876 566 1032 754
454 876 568 1036 759
455 878 566 1035 757
456 876 566 1033 757
457 875 565 1032 756
458 882 578 1051 773
459 882 570 1045 771
460 884 584 1054 778
461 884 580 1054 774
462 886 588 1059 783
463 887 586 1061 783
464 887 590 1065 791
465 887 583 1061 790
466 891 594 1069 792
467 891 595 1069 793
468 890 594 1067 797
469 895 586 1064 794
470 894 606 1082 817
471 898 605 1083 815
472 896 612 1081 822
473 899 610 1091 816
474 902 618 1096 818
475 901 616 1098 818
476 905 622 1105 827
477 907 623 1107 828
478 910 633 1110 837
479 908 633 1112 834
480 908 626 1108 837
481 908 633 1110 843
482 919 646 1126 855
483 915 638 1128 852
484 920 644 1130 856
485 922 639 1128 854
486 925 643 1135 864
487 925 646 1143 870
488 930 647 1148 873
489 932 648 1145 871
490 938 657 1165 879
491 937 655 1164 877
492 936 657 1156 876
493 937 655 1157 874
494 950 672 1176 880
495 947 669 1173 877
496 949 674 1180 878
497 951 672 1182 876
498 958 679 1187 880
499 958 685 1182 878
500 963 693 1204 880
501 966 685 1197 878
502 972 699 1202 880
503 970 698 1200 879
504 969 690 1210 877
505 969 695 1204 879
506 979 705 1224 880
507 980 703 1225 878
508 985 707 1232 877
509 986 712 1229 877
510 993 721 1232 879
511 996 725 1233 879
512 999 734 1236 879
513 999 733 1236 878
514 1008 735 1245 880
515 1010 733 1247 878
516 1008 738 1241 877
517 1007 736 1240 875
518 1022 749 1257 880
519 1024 749 1259 880
520 1031 753 1266 880
521 1034 755 1265 878
522 1040 763 1267 880
523 1040 766 1267 878
524 1050 771 1272 877
525 1049 774 1271 880
526 1057 784 1279 878
527 1061 786 1281 877
528 1055 789 1275 880
529 1058 789 1278 880
530 1078 792 1293 879
531 1077 809 1291 880
532 1091 815 1296 878
533 1089 813 1294 880
534 1096 821 1297 879
535 1094 822 1295 880
536 1099 829 1300 880
537 1099 826 1298 878
538 1120 835 1315 880
539 1118 840 1296 878
540 1116 838 1284 880
541 1118 836 1282 880
