348 -1 -1 -1 -1
0 1183 735 1436 879
1 1181 732 1434 876
2 1176 735 1429 879
3 1170 736 1423 880
4 1177 736 1430 880
5 1171 733 1424 877
6 1148 714 1399 873
7 1151 714 1402 873
8 1145 704 1396 863
9 1140 705 1391 864
10 1130 699 1381 858
11 1129 693 1380 852
12 1114 693 1360 840
13 1116 695 1362 842
14 1108 681 1354 828
15 1108 686 1354 833
16 1107 683 1353 830
17 1105 687 1351 834
18 1083 675 1329 822
19 1087 668 1336 821
20 1073 664 1322 817
21 1076 662 1312 819
22 1068 649 1304 806
23 1066 660 1300 804
24 1067 653 1301 797
25 1060 653 1294 797
26 1053 649 1287 793
27 1053 647 1287 791
28 1048 647 1282 791
29 1052 646 1286 790
30 1032 634 1266 778
31 1030 633 1264 777
32 1022 625 1256 769
33 1027 630 1261 774
34 1014 619 1248 763
35 1012 622 1246 766
36 1002 614 1236 758
37 1001 614 1235 758
38 1004 612 1219 755
39 1002 612 1217 755
40 1005 612 1220 755
41 1005 614 1220 757
42 986 597 1201 740
43 985 600 1200 743
44 977 595 1197 736
45 975 596 1189 734
46 973 598 1187 736
47 970 593 1184 731
48 962 587 1176 725
49 959 585 1173 723
50 954 584 1168 722
51 958 588 1170 720
52 958 588 1170 720
53 960 585 1172 717
54 936 579 1148 711
55 939 576 1151 708
56 931 574 1143 706
57 929 575 1141 707
58 926 573 1138 705
59 920 569 1132 701
60 914 560 1126 692
61 919 558 1131 690
62 910 560 1122 692
63 910 558 1122 690
64 908 559 1120 691
65 914 563 1126 695
66 890 551 1102 683
67 900 552 1112 684
68 893 546 1105 678
69 885 548 1097 680
70 880 540 1092 672
71 884 548 1079 668
72 876 546 1071 666
73 881 544 1076 664
74 870 544 1072 660
75 869 543 1071 659
76 865 544 1067 660
77 868 543 1070 659
78 850 536 1052 652
79 850 534 1052 650
80 845 532 1047 648
81 844 534 1046 650
82 836 528 1038 644
83 840 527 1042 643
84 832 524 1034 640
85 832 524 1034 640
86 819 518 1021 634
87 821 524 1023 640
88 823 521 1025 637
89 822 521 1024 637
90 809 521 1011 637
91 808 513 1010 629
92 801 513 1003 629
93 798 509 1000 625
94 786 505 988 621
95 790 506 992 622
96 783 500 985 616
97 785 503 987 619
98 775 511 977 627
99 774 502 976 618
100 778 500 980 616
101 778 501 980 617
102 756 499 958 615
103 759 500 961 616
104 750 494 952 610
105 752 493 954 609
106 746 488 948 604
107 747 489 949 605
108 736 487 938 603
109 734 491 939 604
110 726 488 931 601
111 727 485 932 598
112 725 485 930 598
113 726 483 931 596
114 708 484 913 597
115 711 479 916 592
116 705 476 910 589
117 702 476 907 589
118 691 475 896 588
119 691 473 896 586
120 686 468 891 581
121 684 472 889 585
122 675 468 880 581
123 675 472 880 585
124 676 471 881 584
125 674 471 879 584
126 658 472 869 580
127 658 466 869 574
128 649 465 860 573
129 652 468 863 576
130 635 462 846 570
131 642 465 853 573
132 630 461 841 569
133 635 466 846 574
134 622 460 833 568
135 618 463 829 571
136 622 459 833 567
137 625 457 836 565
138 602 464 821 560
139 600 463 819 559
140 597 464 816 560
141 593 460 816 565
142 586 454 809 559
143 584 454 807 559
144 580 452 803 557
145 570 452 793 557
146 575 456 798 561
147 567 455 787 553
148 568 454 788 552
149 570 458 790 556
150 546 452 766 550
151 548 452 768 550
152 543 448 763 546
153 542 451 762 549
154 530 455 750 553
155 532 453 752 551
156 526 447 746 545
157 519 448 739 546
158 512 451 732 549
159 509 446 729 544
160 516 446 736 544
161 517 448 737 546
162 491 445 719 541
163 492 446 720 542
164 481 447 709 543
165 480 442 708 538
166 467 447 695 543
167 468 444 696 540
168 461 442 689 538
169 458 445 686 541
170 453 440 681 536
171 452 446 680 542
172 452 445 680 541
173 451 447 679 543
174 434 438 662 534
175 432 440 660 536
176 426 437 654 533
177 424 443 652 539
178 414 438 642 534
179 411 440 639 536
180 400 441 628 537
181 402 439 630 535
182 394 437 622 533
183 392 438 620 534
184 390 436 620 533
185 393 435 623 532
186 368 438 602 534
187 370 438 604 534
188 364 434 598 530
189 360 435 594 531
190 356 433 590 529
191 347 434 581 530
192 338 434 572 530
193 334 437 568 533
194 324 430 558 526
195 323 434 557 530
196 328 435 562 531
197 327 437 561 533
198 306 430 540 526
199 304 433 538 529
200 296 434 530 530
201 289 438 523 534
202 288 434 522 530
203 281 437 515 533
204 274 429 508 525
205 271 431 505 527
206 258 426 492 522
207 263 431 497 527
208 261 434 495 530
209 256 433 490 529
210 234 434 475 535
211 239 435 480 536
212 225 430 466 531
213 224 433 465 534
214 216 430 457 531
215 212 427 453 528
216 203 425 444 526
217 201 429 442 530
218 186 430 427 531
219 186 435 427 536
220 179 433 420 534
221 181 435 422 536
222 165 435 406 536
223 158 433 399 534
224 154 435 395 536
225 151 433 392 534
226 143 433 384 534
227 140 431 381 532
228 126 433 367 534
229 124 439 365 540
230 123 437 364 538
231 113 434 354 535
232 111 436 352 537
233 111 437 352 538
234 86 438 336 536
235 86 439 336 537
236 73 438 323 536
237 71 444 321 542
238 62 442 312 540
239 63 438 313 536
240 41 433 291 531
241 41 437 291 535
242 33 438 284 542
243 32 436 283 540
244 32 436 283 540
245 33 432 284 536
246 8 439 259 543
247 6 430 262 541
248 4 433 260 544
249 2 434 258 545
250 1 435 232 543
251 2 437 231 545
252 1 439 229 547
253 2 441 220 546
254 1 439 202 538
255 2 441 206 540
256 2 444 206 543
257 1 450 204 549
258 1 445 204 544
259 2 447 176 541
260 1 445 165 536
261 1 440 165 531
262 2 442 154 539
263 1 440 146 543
264 2 442 132 544
265 1 440 122 544
266 2 442 120 538
267 1 440 121 539
268 2 442 117 539
269 1 440 114 533
270 2 442 97 545
271 1 440 91 543
272 2 442 80 541
273 1 440 72 541
