1513 -1 -1 -1 -1
0 495 216 598 288
1 495 218 598 290
2 492 215 595 287
3 489 212 592 284
4 485 213 588 285
5 488 211 591 283
6 485 212 588 284
7 488 210 591 282
8 482 207 585 279
9 480 208 583 280
10 482 206 585 278
11 479 204 582 276
12 481 203 584 275
13 479 207 582 279
14 478 207 581 279
15 476 204 579 276
16 471 205 574 277
17 473 199 576 271
18 471 201 574 273
19 472 204 575 276
20 468 200 571 272
21 467 199 570 271
22 466 197 569 269
23 464 199 567 271
24 463 201 566 273
25 466 195 569 267
26 464 197 567 269
27 459 197 562 269
28 459 198 562 270
29 457 194 560 266
30 455 196 558 268
31 456 194 559 266
32 452 193 555 265
33 451 193 554 265
34 449 188 552 260
35 451 191 554 263
36 449 184 552 256
37 455 184 558 256
38 453 184 556 256
39 445 183 548 255
40 447 186 550 258
41 447 184 550 256
42 444 187 547 259
43 443 186 546 258
44 441 183 544 255
45 438 182 541 254
46 436 185 539 257
47 436 181 537 255
48 438 177 539 251
49 438 181 539 255
50 434 175 535 249
51 432 176 533 250
52 431 173 532 247
53 429 177 530 251
54 429 178 530 252
55 429 176 530 250
56 427 174 528 248
57 425 175 526 249
58 423 171 524 245
59 421 172 522 246
60 419 171 520 245
61 422 173 523 247
62 423 167 524 241
63 422 170 523 244
64 422 168 523 242
65 420 169 521 243
66 416 168 517 242
67 414 167 515 241
68 412 168 513 242
69 412 170 513 244
70 410 166 511 240
71 408 167 509 241
72 414 160 515 234
73 412 163 513 237
74 408 165 509 239
75 406 167 507 241
76 403 161 504 235
77 403 158 504 232
78 401 159 502 233
79 401 161 502 235
80 400 164 501 238
81 399 155 500 229
82 397 158 498 232
83 395 160 496 234
84 394 160 495 234
85 397 159 498 233
86 395 161 496 235
87 394 155 495 229
88 392 156 493 230
89 394 149 495 223
90 392 151 493 225
91 390 154 491 228
92 387 153 488 227
93 386 149 487 223
94 384 150 485 224
95 386 149 487 223
96 384 148 485 222
97 382 150 483 224
98 384 150 485 224
99 382 152 483 226
100 380 143 481 217
101 380 146 481 220
102 378 148 479 222
103 379 148 480 222
104 378 150 479 224
105 376 139 477 213
106 374 143 475 217
107 373 143 474 217
108 373 143 474 217
109 374 146 475 220
110 374 142 475 216
111 372 144 473 218
112 377 144 461 209
113 375 144 459 209
114 374 143 458 208
115 372 145 456 210
116 373 144 457 209
117 375 142 459 207
118 370 144 454 209
119 370 142 454 207
120 372 143 456 208
121 370 140 454 205
122 368 140 452 205
123 368 142 452 207
124 366 139 450 204
125 364 138 448 203
126 363 137 447 202
127 365 135 449 200
128 363 136 447 201
129 361 137 445 202
130 360 138 444 203
131 360 136 444 201
132 359 134 443 199
133 357 135 441 200
134 358 128 442 193
135 356 128 440 193
136 355 130 439 195
137 354 133 438 198
138 355 131 439 196
139 353 134 437 199
140 352 126 436 191
141 350 132 434 197
142 351 130 435 195
143 352 129 436 194
144 352 133 431 189
145 353 133 432 189
146 348 131 427 187
147 346 129 429 190
148 346 127 429 188
149 343 125 426 186
150 343 125 426 186
151 346 124 429 185
152 348 124 431 185
153 342 122 425 183
154 342 122 422 183
155 344 122 424 183
156 344 120 424 181
157 343 124 423 185
158 341 122 421 183
159 339 123 419 184
160 339 122 419 183
161 339 119 419 180
162 335 120 415 181
163 337 123 417 184
164 338 119 418 180
165 335 119 415 180
166 332 118 412 179
167 331 118 411 179
168 331 119 411 180
169 329 119 409 180
170 331 118 411 179
171 328 115 408 176
172 328 116 408 177
173 330 114 410 175
174 328 116 408 177
175 324 113 404 174
176 322 114 402 175
177 326 109 406 170
178 324 110 404 171
179 322 111 402 172
180 321 111 401 172
181 319 113 399 174
182 319 110 399 171
183 318 112 398 173
184 317 107 397 168
185 315 110 395 171
186 318 112 398 173
187 317 114 397 175
188 313 109 393 170
189 314 108 394 169
190 313 107 393 168
191 311 108 391 169
192 309 108 389 169
193 313 106 393 167
194 311 106 391 167
195 309 105 389 166
196 305 103 385 164
197 305 101 385 162
198 303 102 383 163
199 301 102 381 163
200 305 99 385 160
201 303 100 383 161
202 301 101 381 162
203 306 99 386 160
204 303 101 383 162
205 300 105 380 166
206 301 97 381 158
207 299 98 379 159
208 297 98 377 159
209 297 99 377 160
210 297 98 377 159
211 295 97 375 158
212 293 97 373 158
213 291 96 371 157
214 295 97 375 158
215 292 95 372 156
216 291 94 371 155
217 292 96 372 157
218 290 99 370 160
219 292 98 372 159
220 296 94 370 151
221 292 94 366 151
222 294 93 368 150
223 292 93 366 150
224 288 95 362 152
225 292 91 366 148
226 287 92 361 149
227 292 95 366 152
228 285 92 359 149
229 289 90 363 147
230 287 90 361 147
231 285 91 359 148
232 283 90 357 147
233 288 91 362 148
234 285 88 359 145
235 283 88 357 145
236 281 87 355 144
237 279 88 353 145
238 278 89 352 146
239 279 87 353 144
240 277 88 351 145
241 278 90 352 147
242 273 85 347 142
243 278 86 352 143
244 274 81 348 138
245 272 89 346 146
246 275 82 349 139
247 269 86 343 143
248 276 83 350 140
249 274 88 348 145
250 275 81 349 138
251 273 82 347 139
252 271 82 345 139
253 269 82 343 139
254 267 82 341 139
255 269 78 343 135
256 265 80 339 137
257 266 82 340 139
258 269 79 343 136
259 266 77 340 134
260 264 73 338 130
261 262 74 336 131
262 260 78 334 135
263 264 75 338 132
264 262 80 336 137
265 262 78 336 135
266 258 73 332 130
267 256 73 330 130
268 254 73 328 130
269 260 75 334 132
270 257 76 331 133
271 260 75 334 132
272 255 76 329 133
273 255 72 329 129
274 253 73 327 130
275 251 69 325 126
276 250 71 324 128
277 248 71 322 128
278 253 72 327 129
279 249 71 323 128
280 251 69 321 125
281 251 68 321 124
282 248 69 318 125
283 252 68 322 124
284 251 69 321 125
285 251 68 321 124
286 247 67 317 123
287 247 68 317 124
288 249 69 319 125
289 247 64 317 120
290 243 65 313 121
291 241 66 311 122
292 246 66 315 120
293 242 68 311 122
294 245 65 314 119
295 240 67 309 121
296 242 65 311 119
297 243 68 312 122
298 241 64 310 118
299 239 64 308 118
300 242 66 311 120
301 243 67 312 121
302 240 62 309 116
303 237 64 306 118
304 238 62 307 116
305 237 58 306 112
306 234 63 303 117
307 236 63 305 117
308 236 63 305 117
309 236 65 301 112
310 234 62 299 109
311 236 61 301 108
312 235 60 300 107
313 233 63 298 110
314 232 61 297 108
315 230 62 295 109
316 232 60 297 107
317 231 61 296 108
318 227 62 292 109
319 231 60 296 107
320 229 61 294 108
321 228 59 293 106
322 224 59 289 106
323 225 56 290 103
324 227 54 292 101
325 228 58 293 105
326 222 59 287 106
327 227 57 292 104
328 222 58 287 105
329 224 56 289 105
330 226 54 291 103
331 223 54 288 103
332 223 55 288 104
333 221 55 286 104
334 224 53 289 102
335 221 53 286 102
336 219 56 284 105
337 222 53 287 102
338 220 53 285 102
339 218 55 283 104
340 219 50 284 99
341 214 51 279 100
342 219 51 284 100
343 212 50 277 99
344 214 51 279 100
345 214 50 279 99
346 214 53 279 102
347 214 49 279 98
348 209 45 274 94
349 209 47 274 96
350 212 46 277 95
351 212 48 277 97
352 210 50 275 99
353 208 49 273 98
354 208 46 273 95
355 210 47 275 96
356 208 41 273 90
357 204 44 269 93
358 205 43 270 92
359 208 46 273 95
360 203 46 268 95
361 209 44 274 93
362 204 43 269 92
363 205 41 270 90
364 200 43 265 92
365 202 41 267 90
366 203 42 268 91
367 204 43 269 92
368 200 41 265 90
369 200 43 265 92
370 199 41 264 90
371 199 41 264 90
372 198 45 263 94
373 197 38 262 87
374 194 38 259 87
375 198 40 263 89
376 196 41 261 90
377 194 37 259 86
378 190 39 255 88
379 192 36 257 85
380 195 38 260 87
381 196 36 261 85
382 193 37 258 86
383 192 36 257 85
384 192 34 257 83
385 191 34 256 83
386 194 36 259 85
387 192 37 257 86
388 187 36 252 85
389 190 31 255 80
390 190 31 255 80
391 190 34 255 83
392 191 37 256 86
393 189 33 254 82
394 187 29 252 78
395 188 29 253 78
396 187 31 252 80
397 186 28 251 77
398 184 31 249 80
399 186 29 251 78
400 183 29 248 78
401 183 28 248 77
402 182 30 247 79
403 180 29 245 78
404 181 27 246 76
405 184 31 249 80
406 176 29 241 78
407 182 29 247 78
408 180 29 245 78
409 174 28 239 77
410 174 26 239 75
411 174 25 239 74
412 172 25 237 74
413 170 26 235 75
414 173 23 238 72
415 171 23 236 72
416 170 23 235 72
417 172 23 237 72
418 170 23 235 72
419 175 26 240 75
420 172 28 237 77
421 176 25 239 73
422 168 23 231 71
423 169 28 232 76
424 168 23 231 71
425 168 22 231 70
426 166 25 229 73
427 168 20 231 68
428 164 20 227 68
429 169 23 232 71
430 171 21 234 69
431 163 27 226 75
432 165 29 228 77
433 169 17 232 65
434 161 23 224 71
435 163 21 226 69
436 167 21 230 69
437 165 21 228 69
438 165 23 220 66
439 167 20 222 63
440 162 19 217 62
441 165 17 220 60
442 166 23 221 66
443 161 23 216 66
444 163 21 218 64
445 165 22 220 65
446 162 20 217 63
447 166 19 221 62
448 160 17 215 60
449 164 16 219 59
450 160 19 215 62
451 160 18 215 61
452 158 19 213 62
453 158 15 213 58
454 160 14 215 57
455 159 14 214 57
456 163 19 218 62
457 160 17 215 60
458 158 16 213 59
459 156 17 211 60
460 156 16 211 59
461 159 16 214 59
462 155 14 210 57
463 153 15 208 58
464 155 16 210 59
465 153 15 208 58
466 150 16 205 59
467 151 14 206 57
468 152 13 207 56
469 153 14 208 57
470 151 16 206 59
471 149 13 204 56
472 147 13 202 56
473 150 11 205 54
474 147 11 202 54
475 145 12 200 55
476 146 9 201 52
477 145 9 200 52
478 149 7 204 50
479 147 10 202 53
480 145 9 200 52
481 143 8 198 51
482 144 5 199 48
483 141 9 196 52
484 143 5 198 48
485 140 5 195 48
486 138 10 193 53
487 144 5 199 48
488 142 5 197 48
489 140 5 195 48
490 138 5 193 48
491 142 4 197 47
492 137 5 192 48
493 140 5 195 48
494 138 4 193 47
495 134 4 189 47
496 137 2 192 45
497 133 5 188 48
498 139 1 194 44
499 138 8 193 51
500 136 5 191 48
501 137 1 192 44
502 138 5 193 48
503 135 7 190 50
504 136 2 191 45
505 133 1 188 43
506 139 7 194 50
507 131 5 186 48
508 134 3 189 46
509 135 5 190 48
510 132 4 187 47
511 130 1 185 43
512 128 6 183 49
513 131 2 186 45
514 129 1 184 43
515 130 2 185 45
516 129 1 184 43
517 131 1 186 43
518 131 1 186 43
519 129 2 184 45
520 124 1 179 43
521 126 2 181 45
522 126 1 181 43
523 125 1 176 38
524 127 2 180 36
525 125 1 175 36
526 129 2 177 36
527 124 1 172 34
528 126 1 174 34
529 128 2 171 38
530 126 1 171 34
531 128 1 173 34
