1520 -1 -1 -1 -1
0 1263 347 1392 401
1 1261 349 1390 403
2 1263 346 1392 400
3 1258 345 1387 399
4 1260 345 1389 399
5 1258 346 1387 400
6 1257 348 1386 402
7 1259 344 1388 398
8 1264 348 1393 402
9 1262 348 1391 402
10 1259 346 1388 400
11 1260 344 1389 398
12 1258 348 1387 402
13 1258 345 1387 399
14 1261 347 1390 401
15 1262 347 1391 401
16 1260 347 1389 401
17 1260 353 1389 407
18 1264 350 1393 404
19 1261 348 1390 402
20 1259 350 1388 404
21 1263 350 1392 404
22 1261 344 1390 398
23 1259 345 1388 399
24 1257 348 1386 402
25 1259 346 1388 400
26 1258 347 1387 401
27 1258 344 1387 398
28 1259 347 1388 401
29 1264 345 1393 399
30 1264 350 1393 404
31 1262 352 1391 406
32 1260 349 1389 403
33 1261 346 1390 400
34 1259 348 1388 402
35 1259 349 1388 403
36 1259 351 1388 405
37 1262 349 1391 403
38 1264 348 1393 402
39 1262 352 1391 406
40 1260 348 1389 402
41 1263 346 1392 400
42 1261 347 1390 401
43 1258 348 1387 402
44 1259 346 1388 400
45 1259 348 1388 402
46 1259 347 1388 401
47 1258 349 1387 403
48 1258 347 1387 401
49 1259 345 1388 399
50 1258 347 1387 401
51 1257 345 1386 399
52 1253 352 1382 406
53 1256 349 1385 403
54 1257 350 1386 404
55 1257 348 1386 402
56 1256 347 1385 401
57 1254 351 1383 405
58 1258 347 1387 401
59 1261 345 1390 399
60 1259 348 1388 402
61 1257 347 1386 401
62 1259 347 1388 401
63 1256 347 1385 401
64 1254 349 1383 403
65 1257 349 1386 403
66 1257 347 1386 401
67 1253 347 1382 401
68 1260 345 1389 399
69 1258 348 1387 402
70 1257 348 1386 402
71 1257 346 1386 400
72 1256 349 1385 403
73 1256 345 1385 399
74 1257 346 1386 400
75 1263 345 1392 399
76 1262 352 1391 406
77 1262 350 1391 404
78 1260 350 1389 404
79 1258 349 1387 403
80 1256 346 1385 400
81 1256 350 1385 404
82 1262 349 1391 403
83 1262 347 1391 401
84 1260 348 1389 402
85 1260 348 1389 402
86 1258 347 1387 401
87 1257 350 1386 404
88 1263 349 1392 403
89 1261 348 1390 402
90 1259 348 1388 402
91 1259 348 1388 402
92 1259 347 1388 401
93 1257 350 1386 404
94 1258 347 1387 401
95 1260 348 1389 402
96 1258 348 1387 402
97 1261 346 1390 400
98 1259 347 1388 401
99 1258 349 1387 403
100 1256 351 1385 405
101 1256 349 1385 403
102 1257 348 1386 402
103 1255 349 1384 403
104 1259 351 1388 405
105 1261 348 1390 402
106 1259 347 1388 401
107 1262 346 1391 400
108 1261 344 1390 398
109 1259 345 1388 399
110 1259 347 1388 401
111 1259 346 1388 400
112 1257 350 1386 404
113 1255 350 1384 404
114 1256 346 1385 400
115 1256 346 1385 400
116 1256 352 1385 406
117 1259 352 1388 406
118 1258 355 1387 409
119 1256 352 1385 406
120 1259 348 1388 402
121 1262 347 1391 401
122 1260 348 1389 402
123 1265 348 1394 402
124 1263 347 1392 401
125 1262 349 1391 403
126 1260 351 1389 405
127 1261 349 1390 403
128 1260 347 1389 401
129 1258 343 1387 397
130 1258 346 1387 400
131 1258 347 1387 401
132 1257 346 1386 400
133 1258 347 1387 401
134 1257 348 1386 402
135 1259 346 1388 400
136 1257 349 1386 403
137 1255 347 1384 401
138 1257 352 1386 406
139 1258 348 1387 402
140 1258 347 1387 401
141 1263 349 1392 403
142 1262 349 1391 403
143 1260 350 1389 404
144 1260 348 1389 402
145 1262 347 1391 401
146 1264 350 1393 404
147 1257 347 1386 401
148 1256 348 1385 402
149 1258 350 1387 404
150 1258 350 1387 404
151 1257 350 1386 404
152 1260 347 1389 401
153 1260 349 1389 403
154 1259 345 1388 399
155 1259 345 1388 399
156 1259 347 1388 401
157 1257 346 1386 400
158 1259 345 1388 399
159 1257 347 1386 401
160 1259 349 1388 403
161 1260 347 1389 401
162 1258 346 1387 400
163 1256 347 1385 401
164 1257 344 1386 398
165 1258 347 1387 401
166 1256 346 1385 400
167 1258 349 1387 403
168 1258 346 1387 400
169 1258 347 1387 401
170 1256 348 1385 402
171 1256 348 1385 402
172 1258 351 1387 405
173 1261 349 1390 403
174 1259 350 1388 404
175 1257 347 1386 401
176 1255 346 1384 400
177 1263 347 1392 401
178 1260 346 1389 400
179 1259 350 1388 404
180 1260 349 1389 403
181 1261 347 1390 401
182 1259 348 1388 402
183 1257 352 1386 406
184 1261 350 1390 404
185 1259 351 1388 405
186 1257 354 1386 408
187 1255 347 1384 401
188 1256 347 1385 401
189 1254 347 1383 401
190 1252 348 1381 402
191 1260 344 1389 398
192 1258 346 1387 400
193 1256 345 1385 399
194 1254 345 1383 399
195 1252 347 1381 401
196 1255 352 1384 406
197 1257 348 1386 402
198 1255 350 1384 404
199 1259 347 1388 401
200 1257 350 1386 404
201 1258 346 1387 400
202 1256 351 1385 405
203 1257 349 1386 403
204 1258 348 1387 402
205 1257 349 1386 403
206 1257 346 1386 400
207 1255 349 1384 403
208 1258 350 1387 404
209 1255 350 1384 404
210 1255 350 1384 404
211 1256 348 1385 402
212 1255 350 1384 404
213 1254 349 1383 403
214 1257 349 1386 403
215 1255 349 1384 403
216 1257 347 1386 401
217 1258 347 1387 401
218 1255 346 1384 400
219 1254 348 1383 402
220 1256 344 1385 398
221 1251 348 1380 402
222 1258 351 1387 405
223 1258 349 1387 403
224 1257 352 1386 406
225 1255 352 1384 406
226 1256 350 1385 404
227 1257 348 1386 402
228 1254 346 1383 400
229 1253 346 1382 400
230 1257 350 1386 404
231 1257 353 1386 407
232 1261 345 1390 399
233 1259 347 1388 401
234 1259 347 1388 401
235 1259 348 1388 402
236 1259 352 1388 406
237 1259 352 1388 406
238 1258 347 1387 401
239 1258 349 1387 403
240 1259 352 1388 406
241 1258 348 1387 402
242 1256 347 1385 401
243 1254 350 1383 404
244 1258 347 1387 401
245 1259 347 1388 401
246 1259 347 1388 401
247 1255 346 1384 400
248 1253 345 1382 399
249 1250 347 1379 401
250 1265 345 1394 399
251 1262 349 1391 403
252 1261 347 1390 401
253 1259 350 1388 404
254 1262 348 1391 402
255 1260 345 1389 399
256 1256 346 1385 400
257 1257 344 1386 398
258 1259 352 1388 406
259 1258 348 1387 402
260 1256 350 1385 404
261 1263 348 1392 402
262 1261 352 1390 406
263 1259 348 1388 402
264 1259 344 1388 398
265 1257 348 1386 402
266 1258 350 1387 404
267 1261 347 1390 401
268 1262 347 1391 401
269 1261 353 1390 407
270 1263 348 1392 402
271 1261 349 1390 403
272 1261 351 1390 405
273 1259 346 1388 400
274 1257 346 1386 400
275 1259 350 1388 404
276 1258 351 1387 405
277 1256 346 1385 400
278 1253 349 1382 403
279 1256 344 1385 398
280 1255 351 1384 405
281 1260 352 1389 406
282 1259 349 1388 403
283 1260 345 1389 399
284 1258 348 1387 402
285 1256 349 1385 403
286 1256 346 1385 400
287 1256 349 1385 403
288 1261 348 1390 402
289 1260 347 1389 401
290 1258 350 1387 404
291 1261 348 1390 402
292 1259 353 1388 407
293 1263 350 1392 404
294 1261 352 1390 406
295 1264 347 1393 401
296 1262 346 1391 400
297 1266 351 1395 405
298 1260 349 1389 403
299 1258 349 1387 403
300 1258 349 1387 403
301 1262 349 1391 403
302 1260 348 1389 402
303 1259 351 1388 405
304 1261 349 1390 403
305 1264 348 1393 402
306 1260 345 1389 399
307 1260 343 1389 397
308 1263 347 1392 401
309 1260 352 1389 406
310 1257 347 1386 401
311 1257 348 1386 402
312 1257 346 1386 400
313 1262 348 1391 402
314 1261 345 1390 399
315 1259 345 1388 399
316 1258 345 1387 399
317 1252 345 1381 399
318 1253 344 1382 398
319 1253 345 1382 399
320 1251 341 1380 395
321 1251 341 1380 395
322 1254 339 1383 393
323 1252 341 1381 395
324 1255 339 1384 393
325 1255 343 1384 397
326 1253 343 1382 397
327 1247 348 1376 402
328 1264 346 1393 400
329 1266 353 1395 407
330 1262 349 1391 403
331 1260 346 1389 400
332 1258 347 1387 401
333 1260 348 1389 402
334 1259 346 1388 400
335 1256 345 1385 399
336 1256 350 1385 404
337 1261 348 1390 402
338 1252 344 1381 398
339 1250 346 1379 400
340 1265 341 1394 395
341 1264 349 1393 403
342 1261 345 1390 399
343 1259 344 1388 398
344 1258 349 1387 403
345 1266 347 1395 401
346 1260 352 1389 406
347 1262 351 1391 405
348 1259 349 1388 403
349 1262 349 1391 403
350 1259 348 1388 402
351 1262 343 1391 397
352 1261 348 1390 402
353 1259 349 1388 403
354 1252 350 1381 404
355 1255 344 1384 398
356 1253 347 1382 401
357 1253 343 1382 397
358 1252 342 1381 396
359 1250 345 1379 399
360 1249 347 1378 401
361 1256 347 1385 401
362 1254 349 1383 403
363 1253 346 1382 400
364 1251 349 1380 403
365 1255 351 1384 405
366 1253 348 1382 402
367 1252 350 1381 404
368 1253 346 1382 400
369 1249 346 1378 400
370 1247 346 1376 400
371 1250 347 1379 401
372 1257 345 1386 399
373 1256 347 1385 401
374 1259 345 1388 399
375 1256 343 1385 397
376 1246 349 1375 403
377 1254 345 1383 399
378 1259 348 1388 402
379 1262 350 1391 404
380 1260 353 1389 407
381 1260 349 1389 403
382 1260 348 1389 402
383 1258 347 1387 401
384 1256 349 1385 403
385 1258 345 1387 399
386 1256 350 1385 404
387 1258 349 1387 403
388 1259 350 1388 404
389 1259 348 1388 402
390 1258 350 1387 404
391 1258 352 1387 406
392 1257 348 1386 402
393 1258 347 1387 401
394 1256 349 1385 403
395 1256 346 1385 400
396 1254 348 1383 402
397 1258 346 1387 400
398 1255 345 1384 399
399 1259 350 1388 404
400 1259 350 1388 404
401 1258 344 1387 398
402 1259 351 1388 405
403 1259 349 1388 403
404 1257 348 1386 402
405 1261 351 1390 405
406 1259 351 1388 405
407 1257 351 1386 405
408 1256 351 1385 405
409 1260 345 1389 399
410 1260 347 1389 401
411 1258 347 1387 401
412 1258 346 1387 400
413 1254 348 1383 402
414 1256 347 1385 401
415 1259 345 1388 399
416 1263 345 1392 399
417 1259 349 1388 403
418 1258 351 1387 405
419 1256 347 1385 401
420 1254 349 1383 403
421 1256 346 1385 400
422 1255 349 1384 403
423 1255 350 1384 404
424 1262 345 1391 399
425 1258 347 1387 401
426 1261 349 1390 403
427 1260 349 1389 403
428 1260 349 1389 403
429 1254 347 1383 401
430 1252 347 1381 401
431 1254 347 1383 401
432 1254 346 1383 400
433 1253 350 1382 404
434 1256 344 1385 398
435 1257 347 1386 401
436 1251 346 1380 400
437 1255 349 1384 403
438 1258 347 1387 401
439 1254 346 1383 400
440 1252 346 1381 400
441 1252 344 1381 398
442 1250 347 1379 401
443 1254 349 1383 403
444 1254 348 1383 402
445 1255 347 1384 401
446 1261 344 1390 398
447 1259 347 1388 401
448 1257 347 1386 401
449 1262 351 1391 405
450 1259 356 1388 410
451 1259 342 1388 396
452 1263 350 1392 404
453 1258 349 1387 403
454 1259 346 1388 400
455 1257 349 1386 403
456 1258 346 1387 400
457 1256 348 1385 402
458 1254 347 1383 401
459 1253 348 1382 402
460 1252 348 1381 402
461 1252 350 1381 404
462 1252 348 1381 402
463 1251 352 1380 406
464 1252 350 1381 404
465 1258 348 1387 402
466 1256 350 1385 404
467 1256 348 1385 402
468 1254 350 1383 404
469 1261 347 1390 401
470 1258 348 1387 402
471 1258 347 1387 401
472 1256 350 1385 404
473 1263 352 1392 406
474 1261 354 1390 408
475 1261 352 1390 406
476 1259 352 1388 406
477 1261 351 1390 405
478 1257 347 1386 401
479 1257 349 1386 403
480 1260 350 1389 404
481 1262 347 1391 401
482 1259 350 1388 404
483 1260 349 1389 403
484 1258 351 1387 405
485 1254 349 1383 403
486 1252 351 1381 405
487 1252 349 1381 403
488 1254 347 1383 401
489 1254 345 1383 399
490 1252 347 1381 401
491 1250 346 1379 400
492 1256 347 1385 401
493 1255 348 1384 402
494 1253 350 1382 404
495 1253 349 1382 403
496 1254 352 1383 406
497 1261 350 1390 404
498 1259 347 1388 401
499 1255 345 1384 399
500 1251 347 1380 401
501 1249 349 1378 403
502 1251 350 1380 404
503 1253 350 1382 404
504 1256 351 1385 405
505 1257 349 1386 403
506 1261 348 1390 402
507 1258 352 1387 406
508 1256 348 1385 402
509 1253 347 1382 401
510 1254 349 1383 403
511 1257 352 1386 406
512 1261 347 1390 401
513 1262 352 1391 406
514 1260 353 1389 407
515 1259 353 1388 407
516 1257 348 1386 402
517 1254 349 1383 403
518 1252 353 1381 407
519 1253 351 1382 405
520 1257 349 1386 403
521 1256 349 1385 403
522 1255 349 1384 403
523 1256 347 1385 401
524 1254 350 1383 404
525 1261 349 1390 403
526 1263 344 1392 398
527 1261 349 1390 403
528 1259 352 1388 406
529 1256 351 1385 405
530 1257 352 1386 406
531 1255 353 1384 407
532 1255 355 1384 409
533 1256 352 1385 406
534 1262 350 1391 404
535 1260 352 1389 406
536 1261 349 1390 403
537 1259 349 1388 403
538 1257 351 1386 405
539 1259 348 1388 402
540 1257 354 1386 408
541 1258 348 1387 402
542 1258 346 1387 400
543 1255 348 1384 402
544 1253 350 1382 404
545 1256 351 1385 405
546 1258 349 1387 403
547 1254 353 1383 407
548 1253 346 1382 400
549 1251 349 1380 403
550 1252 350 1381 404
551 1253 345 1382 399
552 1259 350 1388 404
553 1257 347 1386 401
554 1255 348 1384 402
555 1257 349 1386 403
556 1259 352 1388 406
557 1259 353 1388 407
558 1260 354 1389 408
559 1257 348 1386 402
560 1263 348 1392 402
561 1261 352 1390 406
562 1258 350 1387 404
563 1258 353 1387 407
564 1259 345 1388 399
565 1255 349 1384 403
566 1252 352 1381 406
567 1257 352 1386 406
568 1255 352 1384 406
569 1258 350 1387 404
570 1255 349 1384 403
571 1255 349 1384 403
572 1248 354 1377 408
573 1257 352 1386 406
574 1255 349 1384 403
575 1257 347 1386 401
576 1255 347 1384 401
577 1251 350 1380 404
578 1251 350 1380 404
579 1250 347 1379 401
580 1261 348 1390 402
581 1259 349 1388 403
582 1259 349 1388 403
583 1256 350 1385 404
584 1255 348 1384 402
585 1257 347 1386 401
586 1258 344 1387 398
587 1255 347 1384 401
588 1254 345 1383 399
589 1252 347 1381 401
590 1252 349 1381 403
591 1252 348 1381 402
592 1253 347 1382 401
593 1257 348 1386 402
594 1252 349 1381 403
595 1259 347 1388 401
596 1257 348 1386 402
597 1255 348 1384 402
598 1257 347 1386 401
599 1252 349 1381 403
600 1250 351 1379 405
601 1251 349 1380 403
602 1249 350 1378 404
603 1251 348 1380 402
604 1249 350 1378 404
605 1255 351 1384 405
606 1253 353 1382 407
607 1254 350 1383 404
608 1255 350 1384 404
609 1253 355 1382 409
610 1256 352 1385 406
611 1254 353 1383 407
612 1253 357 1382 411
613 1255 349 1384 403
614 1250 349 1379 403
615 1249 348 1378 402
616 1250 349 1379 403
617 1252 347 1381 401
618 1255 350 1384 404
619 1253 354 1382 408
620 1253 352 1382 406
621 1252 350 1381 404
622 1250 354 1379 408
623 1251 349 1380 403
624 1253 349 1382 403
625 1250 345 1379 399
626 1249 351 1378 405
627 1247 354 1376 408
628 1243 354 1372 408
629 1245 353 1374 407
630 1246 351 1375 405
631 1244 352 1373 406
632 1244 353 1373 407
633 1242 355 1371 409
634 1245 353 1374 407
635 1243 352 1372 406
636 1241 353 1370 407
637 1242 353 1371 407
638 1240 354 1369 408
639 1240 352 1369 406
640 1241 351 1370 405
641 1239 352 1368 406
642 1237 354 1366 408
643 1240 352 1369 406
644 1235 353 1364 407
645 1233 350 1362 404
646 1238 350 1367 404
647 1236 351 1365 405
648 1234 353 1363 407
649 1232 353 1361 407
650 1233 351 1362 405
651 1234 353 1363 407
652 1232 354 1361 408
653 1230 351 1359 405
654 1228 353 1357 407
655 1233 352 1362 406
656 1224 353 1353 407
657 1225 353 1354 407
658 1224 356 1353 410
659 1224 350 1353 404
660 1222 348 1351 402
661 1220 351 1349 405
662 1220 352 1349 406
663 1219 352 1348 406
664 1212 356 1341 410
665 1219 353 1348 407
666 1218 358 1347 412
667 1213 355 1342 409
668 1211 354 1340 408
669 1212 354 1341 408
670 1211 354 1340 408
671 1209 354 1338 408
672 1212 357 1341 411
673 1209 352 1338 406
674 1204 355 1333 409
675 1209 351 1338 405
676 1209 355 1338 409
677 1207 356 1336 410
678 1203 354 1332 408
679 1200 355 1329 409
680 1198 356 1327 410
681 1201 355 1330 409
682 1198 353 1327 407
683 1196 356 1325 410
684 1194 357 1323 411
685 1195 359 1324 413
686 1193 355 1322 409
687 1193 353 1322 407
688 1194 356 1323 410
689 1192 355 1321 409
690 1190 355 1319 409
691 1187 359 1316 413
692 1189 356 1318 410
693 1187 358 1316 412
694 1180 360 1309 414
695 1181 353 1310 407
696 1180 357 1309 411
697 1183 354 1312 408
698 1175 356 1304 410
699 1179 359 1308 413
700 1175 353 1304 407
701 1174 354 1303 408
702 1169 357 1315 408
703 1167 358 1313 409
704 1163 359 1309 410
705 1165 360 1311 411
706 1160 357 1306 408
707 1158 361 1304 412
708 1156 360 1302 411
709 1154 361 1300 412
710 1153 359 1299 410
711 1156 359 1302 410
712 1149 359 1295 410
713 1150 364 1296 415
714 1148 358 1294 409
715 1147 358 1293 409
716 1138 364 1284 415
717 1140 360 1286 411
718 1138 359 1284 410
719 1138 364 1284 415
720 1132 362 1278 413
721 1128 361 1274 412
722 1135 364 1281 415
723 1132 363 1278 414
724 1130 365 1276 416
725 1128 365 1274 416
726 1125 363 1271 414
727 1121 362 1267 413
728 1119 363 1265 414
729 1117 367 1263 418
730 1116 363 1262 414
731 1116 366 1262 417
732 1108 362 1254 413
733 1106 364 1252 415
734 1101 367 1247 418
735 1099 364 1245 415
736 1097 368 1243 419
737 1100 366 1246 417
738 1095 367 1241 418
739 1093 369 1239 420
740 1094 367 1240 418
741 1089 366 1235 417
742 1081 368 1227 419
743 1079 371 1225 422
744 1075 366 1221 417
745 1073 366 1219 417
746 1069 367 1215 418
747 1066 370 1212 421
748 1069 369 1215 420
749 1072 367 1218 418
750 1064 371 1210 422
751 1058 370 1204 421
752 1056 368 1202 419
753 1054 369 1200 420
754 1050 369 1196 420
755 1052 372 1198 423
756 1045 372 1191 423
757 1047 370 1193 421
758 1035 371 1181 422
759 1033 373 1179 424
760 1031 372 1177 423
761 1029 373 1175 424
762 1026 377 1172 428
763 1028 370 1174 421
764 1021 375 1167 426
765 1019 375 1165 426
766 1023 373 1169 424
767 1024 373 1170 424
768 1010 377 1156 428
769 1009 376 1155 427
770 1004 377 1150 428
771 1002 380 1148 431
772 1002 375 1148 426
773 999 381 1145 432
774 991 376 1137 427
775 987 379 1133 430
776 983 375 1129 426
777 981 373 1134 429
778 979 375 1132 431
779 970 373 1123 429
780 968 376 1121 432
781 964 375 1117 431
782 962 376 1115 432
783 961 376 1114 432
784 958 379 1111 435
785 958 375 1111 431
786 947 377 1100 433
787 945 375 1098 431
788 943 373 1097 434
789 940 374 1094 435
790 930 373 1084 434
791 931 376 1085 437
792 928 375 1082 436
793 924 377 1078 438
794 920 378 1074 439
795 919 377 1073 438
796 916 373 1070 434
797 915 378 1069 439
798 906 376 1060 437
799 905 375 1059 436
800 899 379 1053 440
801 896 382 1050 443
802 891 384 1045 445
803 887 377 1041 438
804 883 381 1037 442
805 877 378 1031 439
806 873 378 1027 439
807 872 381 1026 442
808 875 380 1029 441
809 873 380 1027 441
810 856 378 1015 439
811 854 381 1013 442
812 849 382 1008 443
813 846 382 1005 443
814 838 381 1004 447
815 837 380 1003 446
816 830 378 996 444
817 826 380 992 446
818 821 378 987 444
819 819 381 985 447
820 824 381 990 447
821 815 381 981 447
822 806 383 972 449
823 799 381 965 447
824 791 384 957 450
825 801 383 967 449
826 785 383 951 449
827 783 383 944 447
828 779 381 940 445
829 778 386 939 450
830 770 385 931 449
831 766 388 927 452
832 770 388 931 452
833 771 386 932 450
834 751 389 912 453
835 753 387 914 451
836 742 388 903 452
837 741 387 902 451
838 735 391 896 455
839 735 389 896 453
840 723 388 884 452
841 722 392 883 456
842 715 394 876 458
843 712 390 873 454
844 710 392 871 456
845 713 393 874 457
846 698 395 859 459
847 695 392 856 456
848 695 394 856 458
849 693 393 854 457
850 686 391 847 455
851 684 393 845 457
852 669 391 830 455
853 669 392 830 456
854 662 392 823 456
855 660 394 816 455
856 661 395 817 456
857 662 398 818 459
858 660 396 792 455
859 666 396 798 455
860 664 400 780 465
861 662 398 785 460
862 659 394 782 456
863 611 401 772 455
864 598 404 759 458
865 596 404 757 458
866 586 404 747 458
867 584 401 745 455
868 583 403 744 457
869 581 403 742 457
870 561 410 722 464
871 559 406 729 468
872 547 408 717 470
873 546 413 716 475
874 536 410 706 472
875 534 413 704 475
876 526 410 696 476
877 524 411 694 477
878 510 411 680 477
879 509 409 685 483
880 509 407 685 481
881 509 406 684 483
882 487 409 662 486
883 487 413 662 490
884 474 413 654 488
885 472 413 652 488
886 458 413 638 488
887 461 411 641 486
888 443 417 623 492
889 446 414 626 489
890 434 415 614 490
891 438 413 618 488
892 436 415 616 490
893 434 414 614 489
894 412 418 592 493
895 410 419 590 494
896 388 421 581 493
897 391 421 584 493
898 376 425 569 497
899 374 422 567 494
900 369 425 562 497
901 367 423 551 496
902 353 425 537 498
903 348 427 532 500
904 350 421 534 494
905 349 426 533 499
906 323 428 507 501
907 321 428 505 501
908 304 427 494 501
909 304 432 494 506
910 287 431 477 505
911 291 435 481 509
912 275 432 465 506
913 273 436 463 510
914 258 433 448 507
915 262 437 452 511
916 260 439 450 513
917 260 437 450 511
918 230 438 420 512
919 228 437 418 511
920 216 441 406 515
921 215 436 405 510
922 202 439 392 513
923 201 442 391 516
924 187 444 379 514
925 189 441 381 511
926 173 445 365 515
927 170 443 362 513
928 171 441 363 511
929 171 443 363 513
930 137 445 329 515
931 141 445 333 515
932 139 449 320 506
933 134 451 315 508
934 117 446 299 509
935 118 450 300 513
936 76 451 282 530
937 74 449 284 523
938 57 454 269 534
939 52 452 264 532
940 54 450 266 530
941 52 452 264 532
942 20 457 229 540
943 18 455 227 538
944 1 458 209 541
945 3 462 212 545
946 1 463 209 546
947 1 464 155 538
948 1 459 160 540
949 1 467 142 535
950 1 466 148 547
951 1 458 148 539
952 1 455 148 536
953 1 460 148 541
954 1 467 130 534
955 1 460 127 538
956 2 462 104 535
957 1 468 102 541
958 2 470 87 539
959 1 470 85 539
960 1 470 64 539
961 3 473 67 542
962 1 471 50 538
963 3 480 52 547
964 1 478 51 549
965 3 480 46 544
