678 -1 -1 -1 -1
0 273 142 347 200
1 272 141 346 199
2 273 144 347 202
3 271 146 345 204
4 277 142 351 200
5 276 144 350 202
6 279 147 353 205
7 278 149 352 207
8 282 149 356 207
9 280 150 354 208
10 283 147 357 205
11 283 145 357 203
12 285 147 359 205
13 286 148 360 206
14 287 148 361 206
15 286 154 360 212
16 287 150 361 208
17 289 150 363 208
18 292 154 366 212
19 294 152 368 210
20 292 152 366 210
21 294 154 368 212
22 297 156 371 214
23 295 157 369 215
24 298 157 372 215
25 297 160 371 218
26 297 161 371 219
27 299 159 373 217
28 301 163 375 221
29 299 163 373 221
30 303 161 377 219
31 303 163 377 221
32 305 161 379 219
33 303 164 377 222
34 307 166 381 224
35 305 161 379 219
36 311 167 385 225
37 312 168 386 226
38 310 163 384 221
39 308 166 382 224
40 315 167 389 225
41 314 172 388 230
42 318 167 392 225
43 315 169 389 227
44 317 170 391 228
45 319 169 393 227
46 322 171 396 229
47 322 172 396 230
48 324 170 407 231
49 322 171 405 232
50 324 172 407 233
51 322 175 405 236
52 329 176 412 237
53 325 175 408 236
54 328 176 411 237
55 331 174 414 235
56 336 177 419 238
57 334 178 417 239
58 333 181 416 242
59 330 179 413 240
60 337 179 420 240
61 337 179 420 240
62 335 179 418 240
63 332 178 415 239
64 339 181 422 242
65 343 183 426 244
66 344 182 427 243
67 343 185 426 246
68 344 186 427 247
69 342 187 425 248
70 348 184 431 245
71 349 184 432 245
72 347 186 430 247
73 350 184 433 245
74 349 189 432 250
75 350 188 433 249
76 353 190 436 251
77 355 192 438 253
78 353 193 436 254
79 355 191 438 252
80 355 192 438 253
81 357 195 440 256
82 356 196 439 257
83 360 192 443 253
84 363 196 446 257
85 361 198 444 259
86 366 196 449 257
87 364 199 447 260
88 362 198 445 259
89 365 199 448 260
90 369 201 452 262
91 371 201 454 262
92 372 199 455 260
93 368 201 451 262
94 374 200 457 261
95 371 207 454 268
96 375 205 458 266
97 375 205 458 266
98 378 206 461 267
99 374 204 457 265
100 380 210 463 271
101 382 208 465 269
102 376 208 469 275
103 377 206 470 273
104 374 209 467 276
105 381 207 474 274
106 380 210 473 277
107 380 212 473 279
108 385 208 478 275
109 384 209 477 276
110 383 212 476 279
111 383 211 476 278
112 386 214 479 281
113 387 215 480 282
114 389 216 482 283
115 389 214 482 281
116 391 215 484 282
117 390 218 483 285
118 393 218 486 285
119 391 218 484 285
120 397 217 490 284
121 395 220 488 287
122 396 223 489 290
123 395 218 488 285
124 399 220 492 287
125 403 224 496 291
126 404 224 497 291
127 402 223 495 290
128 405 225 498 292
129 407 224 500 291
130 408 225 501 292
131 412 225 505 292
132 411 227 504 294
133 409 230 502 297
134 406 229 499 296
135 407 232 500 299
136 415 234 508 301
137 415 233 508 300
138 416 235 509 302
139 417 235 510 302
140 425 235 518 302
141 421 234 514 301
142 422 240 515 307
143 421 238 514 305
144 425 235 518 302
145 427 240 520 307
146 429 241 522 308
147 424 238 517 305
148 429 238 522 305
149 428 240 521 307
150 430 247 523 314
151 431 248 524 315
152 441 247 534 314
153 438 243 531 310
154 436 249 529 316
155 439 252 532 319
156 442 248 535 315
157 440 250 533 317
158 442 250 535 317
159 439 247 532 314
160 444 249 537 316
161 447 250 540 317
162 446 250 539 317
163 447 252 540 319
164 446 256 539 323
165 451 254 544 321
166 452 254 545 321
167 455 258 548 325
168 457 261 550 328
169 459 262 552 329
170 455 258 548 325
171 453 259 546 326
172 458 262 551 329
173 456 263 549 330
174 456 261 549 328
175 459 264 552 331
176 460 263 553 330
177 464 263 557 330
178 463 272 556 339
179 468 272 561 339
180 466 273 559 340
181 471 271 564 338
182 465 269 558 336
183 467 265 566 336
184 469 270 568 341
185 467 268 576 341
186 469 273 578 346
187 468 270 577 343
188 466 273 575 346
189 468 271 577 344
190 476 269 585 342
191 472 273 581 346
192 475 272 584 345
193 476 275 585 348
194 477 276 586 349
195 475 279 584 352
196 482 280 591 353
197 480 281 589 354
198 483 277 592 350
199 484 283 593 356
200 490 282 599 355
201 488 279 597 352
202 485 281 592 359
203 488 279 595 357
204 492 279 599 357
205 491 280 598 358
206 490 280 597 358
207 492 278 599 356
208 494 289 601 367
209 500 283 607 361
210 505 286 612 364
211 502 285 609 363
212 500 288 607 366
213 505 296 612 374
214 504 289 611 367
215 511 290 618 368
216 509 293 616 371
217 507 292 614 370
218 510 287 617 365
219 508 295 615 373
220 513 293 620 371
221 519 296 626 374
222 519 296 626 374
223 517 297 624 375
224 518 296 625 374
225 520 305 627 383
226 520 299 627 377
227 519 298 626 376
228 525 296 632 374
229 529 296 636 374
230 527 297 634 375
231 524 303 631 381
232 535 305 642 383
233 535 302 642 380
234 537 300 644 378
235 537 307 644 385
236 532 305 639 383
237 543 307 650 385
238 540 307 647 385
239 540 306 647 384
240 546 309 653 387
241 546 312 653 390
242 547 310 654 388
243 544 306 651 384
244 550 312 657 390
245 548 314 655 392
246 556 317 663 395
247 554 316 661 394
248 555 315 662 393
249 553 314 660 392
250 561 320 674 403
251 556 316 671 393
252 560 314 675 403
253 560 311 675 400
254 562 311 677 400
255 560 312 675 401
256 559 316 674 405
257 560 312 675 401
258 573 314 699 406
259 571 325 697 417
260 570 320 696 412
261 573 324 699 416
262 574 324 705 414
263 572 325 703 415
264 570 323 714 414
265 571 324 715 415
266 570 325 710 413
267 568 323 712 413
268 574 322 718 412
269 582 324 717 419
270 580 322 725 419
271 578 320 724 418
272 587 335 727 420
273 585 333 734 430
274 583 331 739 428
275 587 329 737 423
276 585 338 737 426
277 583 336 741 424
278 594 334 739 426
279 592 338 737 430
280 590 336 747 428
281 588 334 750 431
282 590 342 752 439
283 588 340 757 433
284 586 338 759 431
285 611 336 757 431
286 609 334 765 435
287 611 340 766 443
288 609 338 770 439
289 607 336 774 436
290 631 334 772 434
291 629 339 772 432
292 627 337 785 438
293 633 334 783 436
294 639 332 791 440
295 635 343 790 436
296 645 344 804 440
297 643 342 796 433
298 641 340 806 445
299 639 346 800 443
300 649 344 804 448
301 649 342 805 444
302 659 340 806 449
303 655 348 807 441
304 662 351 825 445
305 660 349 825 443
306 658 347 832 444
307 659 356 831 450
308 671 354 836 448
309 669 352 842 451
310 671 350 840 449
311 669 356 840 448
312 674 356 845 448
313 672 354 845 451
314 676 352 843 450
315 674 350 846 446
316 686 348 859 454
317 691 346 857 454
318 698 360 867 457
319 700 358 865 458
320 706 356 875 463
321 706 354 873 456
322 704 352 882 460
323 712 350 880 460
324 713 369 886 461
325 713 365 892 465
326 716 363 890 460
327 714 364 887 458
328 725 368 902 464
329 728 371 905 467
330 729 369 915 465
331 737 367 913 465
332 735 371 919 459
333 740 369 917 468
334 747 373 922 464
335 745 371 924 461
336 751 369 934 463
337 749 367 935 469
338 755 365 933 468
339 753 369 941 471
340 755 367 949 474
341 759 370 947 473
342 767 368 952 470
343 765 366 949 465
344 772 376 962 473
345 777 374 960 470
346 775 372 972 471
347 781 370 970 475
348 791 380 979 480
349 784 378 977 476
350 786 378 979 476
351 787 376 980 474
352 796 374 989 472
353 797 382 990 480
354 807 382 1000 480
355 810 380 1003 478
356 813 377 1006 475
357 812 383 1005 481
358 825 386 1018 484
359 825 380 1018 478
360 827 382 1020 480
361 829 385 1022 483
362 830 383 1023 481
363 830 382 1023 480
364 845 383 1038 481
365 846 388 1039 486
366 852 386 1045 484
367 852 386 1045 484
368 861 388 1054 486
369 861 388 1054 486
370 866 390 1059 488
371 871 387 1064 485
372 873 384 1066 482
373 876 388 1069 486
374 874 392 1067 490
375 872 390 1072 485
376 870 388 1091 488
377 890 395 1089 486
378 897 393 1096 484
379 898 397 1097 488
380 904 394 1103 485
381 901 399 1100 490
382 917 397 1116 488
383 918 394 1117 485
384 920 396 1119 487
385 918 392 1117 483
386 924 394 1123 485
387 922 396 1121 487
388 943 397 1142 488
389 941 399 1134 488
390 953 399 1146 488
391 951 401 1144 490
392 949 399 1154 493
393 957 398 1150 488
394 961 402 1159 488
395 966 401 1164 487
396 974 404 1169 486
397 973 403 1168 485
398 977 406 1172 488
399 973 404 1165 493
400 991 403 1189 490
401 989 401 1179 491
402 999 398 1189 488
403 1001 403 1191 493
404 1008 402 1198 492
405 1010 401 1200 491
406 1013 402 1203 492
407 1016 406 1206 496
408 1024 403 1214 493
409 1022 403 1214 490
410 1022 401 1212 493
411 1026 403 1219 491
412 1041 401 1234 489
413 1037 408 1230 496
414 1049 405 1242 493
415 1048 403 1241 491
416 1055 405 1247 496
417 1055 403 1247 494
418 1065 404 1254 490
419 1063 402 1260 495
420 1075 402 1272 495
421 1073 406 1267 493
422 1072 411 1266 498
423 1077 407 1271 494
424 1088 406 1282 493
425 1088 403 1282 490
426 1101 403 1295 490
427 1099 405 1293 492
428 1105 407 1299 494
429 1104 411 1298 498
430 1117 406 1311 493
431 1118 405 1312 492
432 1125 407 1319 494
433 1122 405 1316 492
434 1123 408 1317 495
435 1123 409 1317 496
436 1139 411 1333 498
437 1142 409 1336 496
438 1147 410 1341 497
439 1147 409 1341 496
440 1157 400 1351 487
441 1155 405 1349 492
442 1166 405 1360 492
443 1167 409 1361 496
444 1178 405 1372 492
445 1176 408 1370 495
446 1181 404 1375 491
447 1175 406 1369 493
448 1196 408 1389 490
449 1198 407 1391 489
450 1200 405 1393 487
451 1198 408 1391 490
452 1207 412 1400 494
453 1203 409 1396 491
454 1217 408 1410 490
455 1220 410 1413 492
456 1222 408 1415 490
457 1223 407 1416 489
458 1224 411 1417 493
459 1225 406 1418 488
460 1243 407 1436 489
461 1245 409 1438 491
462 1247 407 1440 489
463 1249 405 1442 487
464 1251 404 1444 486
465 1254 406 1447 488
466 1261 406 1454 488
467 1263 407 1456 489
468 1275 405 1468 487
469 1272 397 1465 479
470 1271 409 1464 491
471 1276 408 1469 490
472 1285 405 1478 487
473 1288 406 1481 488
474 1296 404 1489 486
475 1301 400 1494 482
476 1304 401 1497 483
477 1308 401 1501 483
478 1318 406 1511 488
479 1313 399 1506 481
480 1320 396 1513 478
481 1319 402 1512 484
482 1322 398 1515 480
483 1322 403 1515 485
484 1341 402 1534 484
485 1337 397 1530 479
486 1340 399 1533 481
487 1345 403 1538 485
488 1355 396 1548 478
489 1354 395 1547 477
490 1363 396 1556 478
491 1365 396 1558 478
492 1371 399 1564 481
493 1370 398 1563 480
494 1371 392 1564 474
495 1371 397 1564 479
496 1391 393 1584 475
497 1384 396 1577 478
498 1389 396 1582 478
499 1395 389 1588 471
500 1405 393 1598 475
501 1398 397 1591 479
502 1408 394 1601 476
503 1411 393 1604 475
504 1421 389 1614 471
505 1419 388 1612 470
506 1421 389 1614 471
507 1419 390 1612 472
508 1431 388 1612 471
509 1431 386 1612 469
510 1441 387 1622 470
511 1440 389 1621 472
512 1448 390 1629 473
513 1446 390 1627 473
514 1462 388 1643 471
515 1458 388 1639 471
516 1460 389 1641 472
517 1462 387 1643 470
518 1465 386 1646 469
519 1466 383 1647 466
520 1474 384 1655 467
521 1473 389 1654 472
522 1481 389 1662 472
523 1480 390 1661 473
524 1493 384 1674 467
525 1493 385 1674 468
526 1497 385 1678 468
527 1506 387 1687 470
528 1506 385 1687 468
529 1504 388 1684 466
530 1510 381 1690 459
531 1508 380 1688 458
532 1516 383 1696 461
533 1520 386 1700 464
534 1525 387 1705 465
535 1526 384 1706 462
536 1536 383 1716 461
537 1534 386 1714 464
538 1540 387 1720 465
539 1546 380 1721 454
540 1554 382 1729 456
541 1551 385 1726 459
542 1551 383 1726 457
543 1551 383 1726 457
544 1566 385 1741 459
545 1576 380 1740 456
546 1583 374 1747 450
547 1583 379 1747 455
548 1593 377 1757 453
549 1589 383 1753 459
550 1595 379 1762 449
551 1595 383 1762 453
552 1605 384 1772 454
553 1604 380 1771 450
554 1606 378 1773 448
555 1607 381 1774 451
556 1617 377 1784 447
557 1615 380 1782 450
558 1623 375 1790 445
559 1621 378 1788 448
560 1634 377 1801 447
561 1632 379 1799 449
562 1639 372 1806 442
563 1641 375 1808 445
564 1647 376 1814 446
565 1649 374 1816 444
566 1645 375 1812 445
567 1648 370 1815 440
568 1662 371 1829 441
569 1666 371 1833 441
570 1670 370 1837 440
571 1670 375 1837 445
572 1675 371 1842 441
573 1677 369 1844 439
574 1685 370 1852 440
575 1686 370 1853 440
576 1690 369 1857 439
577 1693 367 1860 437
578 1692 372 1859 442
579 1693 375 1860 445
580 1706 368 1873 438
581 1709 368 1876 438
582 1714 366 1881 436
583 1717 366 1884 436
584 1719 365 1882 438
585 1721 363 1884 436
586 1728 361 1891 434
587 1731 359 1894 432
588 1737 358 1900 431
589 1737 357 1900 430
590 1736 358 1899 431
591 1732 360 1895 433
592 1753 359 1916 432
593 1750 362 1913 435
594 1760 360 1920 433
595 1759 357 1919 430
596 1767 355 1917 429
597 1772 353 1915 428
598 1776 351 1920 428
599 1777 354 1916 429
600 1782 352 1914 426
601 1780 350 1917 426
602 1781 351 1918 427
603 1781 349 1916 425
604 1796 347 1919 425
605 1800 345 1917 421
606 1806 343 1915 423
607 1804 341 1919 424
608 1811 339 1917 421
609 1811 337 1917 418
610 1824 335 1915 420
611 1822 333 1917 428
612 1826 331 1915 425
613 1831 329 1919 434
614 1830 348 1917 420
615 1831 346 1919 416
616 1844 344 1917 413
617 1839 342 1920 421
618 1846 340 1918 420
619 1846 338 1916 423
620 1859 336 1919 423
621 1857 336 1917 423
622 1865 334 1920 410
623 1867 332 1918 409
624 1874 330 1920 409
625 1869 328 1918 406
