461 -1 -1 -1 -1
0 178 122 252 183
1 179 124 253 185
2 178 122 252 183
3 180 122 254 183
4 174 122 248 183
5 181 124 255 185
6 183 120 257 181
7 190 126 264 187
8 185 128 259 189
9 188 127 262 188
10 186 130 260 191
11 193 126 267 187
12 191 125 265 186
13 191 128 265 189
14 192 132 266 193
15 192 130 266 191
16 193 128 267 189
17 194 128 268 189
18 193 131 267 192
19 200 133 274 194
20 201 137 275 198
21 199 138 273 199
22 198 134 272 195
23 201 141 275 202
24 199 142 273 203
25 205 144 279 205
26 205 138 279 199
27 203 141 277 202
28 206 142 280 203
29 206 142 285 208
30 206 143 285 209
31 212 141 291 207
32 207 142 286 208
33 210 143 289 209
34 211 145 290 211
35 216 145 295 211
36 214 146 293 212
37 216 151 295 217
38 217 156 296 222
39 216 151 295 217
40 222 158 301 224
41 219 154 298 220
42 221 156 301 223
43 226 159 306 226
44 222 157 302 224
45 227 154 307 221
46 225 156 305 223
47 228 156 308 223
48 229 159 309 226
49 230 160 310 227
50 228 163 308 230
51 234 158 314 225
52 232 163 312 230
53 234 160 320 233
54 232 160 318 233
55 237 161 323 234
56 237 162 323 235
57 235 163 321 236
58 238 168 324 241
59 242 166 328 239
60 240 167 326 240
61 245 171 331 244
62 242 172 328 245
63 245 167 331 240
64 245 170 331 243
65 246 168 332 241
66 249 170 335 243
67 255 178 341 251
68 252 178 338 251
69 253 176 339 249
70 252 177 338 250
71 255 179 345 249
72 254 178 344 248
73 258 178 348 248
74 260 185 350 255
75 257 184 347 254
76 261 188 351 258
77 264 189 354 259
78 264 191 357 265
79 268 188 361 262
80 266 188 359 262
81 268 192 365 273
82 269 191 366 272
83 269 192 366 273
84 270 190 367 271
85 276 199 373 280
86 272 194 369 275
87 275 193 372 274
88 273 195 370 276
89 279 195 376 276
90 278 196 375 277
91 282 200 379 281
92 285 198 382 279
93 283 200 380 281
94 287 198 384 279
95 286 204 383 285
96 288 205 385 286
97 297 210 394 291
98 294 206 391 287
99 292 208 394 291
100 294 206 396 289
101 298 204 400 287
102 294 206 396 289
103 302 211 404 294
104 300 214 402 297
105 303 213 405 296
106 301 216 403 299
107 300 214 402 297
108 307 213 409 296
109 310 223 415 308
110 310 222 415 307
111 311 224 416 309
112 308 222 413 307
113 311 219 416 304
114 313 225 418 310
115 321 232 426 317
116 319 230 424 315
117 321 230 426 315
118 318 231 423 316
119 326 228 431 313
120 323 235 428 320
121 330 232 435 317
122 330 233 435 318
123 330 236 435 321
124 332 234 437 319
125 334 241 439 326
126 334 240 439 325
127 337 247 442 332
128 341 245 446 330
129 341 246 446 331
130 344 246 449 331
131 345 246 452 336
132 346 247 453 337
133 353 247 460 337
134 351 253 458 343
135 351 254 458 344
136 353 252 460 342
137 355 253 462 343
138 353 254 460 344
139 365 254 472 344
140 365 257 472 347
141 364 258 471 348
142 362 259 477 351
143 367 263 482 355
144 365 262 480 354
145 378 270 493 362
146 374 267 489 359
147 377 268 492 360
148 378 268 493 360
149 381 272 496 364
150 383 271 498 363
151 387 278 504 375
152 388 278 505 375
153 389 276 506 373
154 387 280 504 377
155 390 279 507 376
156 392 277 509 374
157 403 280 520 377
158 404 281 521 378
159 404 288 521 385
160 406 290 523 387
161 409 285 526 382
162 412 286 529 383
163 419 300 536 397
164 419 297 536 394
165 420 292 537 389
166 420 298 537 395
167 421 299 538 396
168 423 297 540 394
169 429 310 555 408
170 428 308 554 406
171 428 306 554 404
172 428 308 554 406
173 433 311 559 409
174 433 314 559 412
175 442 320 568 418
176 441 319 567 417
177 441 322 567 420
178 440 322 566 420
179 447 326 573 424
180 447 324 573 422
181 454 333 590 434
182 452 334 588 435
183 452 334 588 435
184 454 335 590 436
185 457 333 596 440
186 455 334 594 441
187 471 343 606 451
188 469 346 604 454
189 473 342 608 450
190 471 346 606 454
191 475 352 610 460
192 477 347 612 455
193 485 359 631 464
194 484 358 630 463
195 482 357 628 462
196 480 357 626 462
197 487 361 634 469
198 489 361 636 469
199 499 372 646 480
200 505 370 652 478
201 502 368 649 476
202 500 370 647 478
203 509 376 656 484
204 507 372 652 485
205 519 385 670 496
206 520 383 671 494
207 519 383 670 494
208 517 386 668 497
209 523 391 674 502
210 524 392 675 503
211 539 402 690 513
212 536 400 687 511
213 537 396 688 507
214 538 402 689 513
215 544 402 699 520
216 543 400 698 518
217 558 408 712 533
218 558 412 712 537
219 557 408 711 533
220 554 410 715 534
221 561 417 722 541
222 558 415 719 539
223 568 428 740 556
224 570 424 742 552
225 572 426 744 554
226 572 424 744 552
227 578 426 750 554
228 578 428 750 556
229 593 442 765 570
230 593 438 765 566
231 591 440 763 568
232 595 438 769 574
233 600 446 774 582
234 601 444 775 580
235 618 455 795 590
236 616 455 793 590
237 614 453 790 594
238 616 457 792 598
239 626 461 802 602
240 624 459 800 600
241 636 467 821 618
242 637 473 822 624
243 637 474 822 625
244 637 467 822 618
245 646 481 831 632
246 645 474 830 625
247 665 494 850 645
248 666 489 855 641
249 664 492 853 644
250 662 489 851 641
251 667 499 864 648
252 669 498 866 647
253 689 513 882 665
254 687 511 885 661
255 689 514 887 664
256 687 512 890 659
257 692 519 896 674
258 691 517 895 672
259 714 530 919 698
260 716 528 921 696
261 714 531 919 699
262 713 529 918 697
263 723 535 934 705
264 721 532 932 702
265 741 549 956 729
266 741 553 956 733
267 744 548 959 728
268 740 551 955 731
269 752 555 967 735
270 750 559 972 744
271 766 570 995 754
272 768 574 997 758
273 771 574 1000 758
274 769 573 998 757
275 782 586 1011 770
276 782 586 1011 770
277 805 601 1041 786
278 803 604 1039 789
279 801 599 1037 784
280 802 600 1038 785
281 815 607 1052 804
282 814 607 1056 803
283 832 623 1089 824
284 834 624 1091 825
285 832 624 1089 825
286 830 625 1087 826
287 847 640 1104 841
288 844 637 1101 838
289 871 654 1135 865
290 871 652 1135 863
291 870 650 1134 861
292 869 652 1133 863
293 885 663 1152 880
294 886 663 1153 880
295 905 686 1192 880
296 907 683 1194 877
297 912 686 1199 880
298 908 681 1195 875
299 919 694 1209 880
300 922 694 1212 880
301 951 714 1248 879
302 950 715 1247 880
303 951 715 1248 880
304 951 715 1248 880
305 961 729 1270 880
306 965 727 1268 876
307 994 751 1265 879
308 992 750 1264 876
309 997 753 1267 880
310 995 751 1262 880
311 1011 763 1287 880
312 1009 764 1290 878
313 1044 794 1287 880
314 1045 788 1300 874
315 1043 786 1300 880
316 1041 793 1290 878
317 1064 803 1296 880
318 1064 799 1296 876
