511 -1 -1 -1 -1
0 505 311 599 382
1 508 309 602 380
2 511 309 605 380
3 509 310 603 381
4 512 309 606 380
5 510 307 604 378
6 508 307 602 378
7 511 308 605 379
8 509 309 603 380
9 516 310 610 381
10 514 311 608 382
11 513 310 607 381
12 511 306 605 377
13 511 308 605 379
14 513 306 607 377
15 514 309 608 380
16 512 309 606 380
17 513 308 607 379
18 513 311 607 382
19 515 313 609 384
20 509 318 603 389
21 510 319 604 390
22 518 312 612 383
23 518 314 612 385
24 514 309 608 380
25 514 307 608 378
26 514 309 608 380
27 515 307 609 378
28 512 308 606 379
29 519 307 613 378
30 517 314 611 385
31 514 316 608 387
32 515 312 609 383
33 518 316 612 387
34 519 316 613 387
35 522 316 616 387
36 518 311 612 382
37 518 310 612 381
38 519 316 613 387
39 520 312 614 383
40 522 312 616 383
41 520 315 614 386
42 522 316 616 387
43 520 317 614 388
44 523 311 617 382
45 521 314 615 385
46 518 312 612 383
47 520 315 614 386
48 522 317 616 388
49 523 315 617 386
50 521 319 615 390
51 523 322 617 393
52 526 319 620 390
53 524 320 618 391
54 522 322 616 393
55 524 318 618 389
56 526 314 620 385
57 525 318 619 389
58 523 320 617 391
59 529 318 623 389
60 526 320 620 391
61 526 317 620 388
62 524 317 618 388
63 527 315 621 386
64 525 320 619 391
65 530 318 624 389
66 531 318 625 389
67 529 319 623 390
68 529 319 623 390
69 529 319 623 390
70 527 321 621 392
71 530 320 624 391
72 530 322 624 393
73 534 321 628 392
74 535 320 629 391
75 535 327 629 398
76 533 328 627 399
77 534 332 628 403
78 535 319 629 390
79 537 323 631 394
80 537 321 631 392
81 537 325 631 396
82 538 324 632 395
83 538 324 632 395
84 533 325 627 396
85 539 327 633 398
86 537 324 631 395
87 542 332 636 403
88 542 330 636 401
89 545 333 639 404
90 544 332 638 403
91 546 334 640 405
92 545 336 639 407
93 546 329 640 400
94 545 333 639 404
95 546 331 640 402
96 545 332 639 403
97 546 330 640 401
98 548 329 642 400
99 546 334 640 405
100 544 332 646 406
101 545 334 647 408
102 546 332 648 406
103 545 331 647 405
104 547 329 649 403
105 549 330 651 404
106 550 332 652 406
107 552 333 654 407
108 553 336 655 410
109 551 339 653 413
110 549 341 651 415
111 552 340 654 414
112 553 338 655 412
113 551 337 653 411
114 551 339 653 413
115 556 340 658 414
116 556 343 658 417
117 555 341 657 415
118 556 340 658 414
119 557 341 659 415
120 556 341 658 415
121 554 345 656 419
122 559 343 661 417
123 564 341 666 415
124 563 345 665 419
125 564 347 666 421
126 563 345 665 419
127 566 349 668 423
128 567 349 677 425
129 569 337 679 420
130 572 345 682 428
131 573 339 683 422
132 569 335 679 418
133 570 344 694 420
134 571 344 695 420
135 567 354 691 430
136 569 352 693 428
137 570 350 694 426
138 571 348 695 424
139 579 352 703 428
140 580 352 704 428
141 580 354 704 430
142 578 350 702 426
143 582 355 706 431
144 584 354 708 430
145 584 352 708 428
146 587 353 711 429
147 587 354 711 430
148 588 358 712 434
149 593 357 717 433
150 595 356 719 432
151 596 361 719 430
152 599 360 722 429
153 597 360 720 429
154 598 360 721 429
155 605 361 728 430
156 606 363 729 432
157 610 362 733 431
158 608 367 731 436
159 609 365 732 434
160 610 363 733 432
161 616 364 739 433
162 618 367 741 436
163 622 365 745 434
164 630 370 753 439
165 627 365 750 434
166 625 370 748 439
167 630 372 753 441
168 622 365 759 438
169 620 363 755 443
170 627 363 762 443
171 625 366 771 441
172 628 369 774 444
173 626 367 771 448
174 634 366 779 447
175 645 375 790 456
176 643 368 788 449
177 641 371 787 454
178 639 369 786 454
179 648 371 795 456
180 665 373 790 448
181 667 381 798 449
182 669 384 800 452
183 672 382 803 450
184 670 390 801 458
185 678 378 809 446
186 671 383 809 454
187 671 381 821 458
188 669 379 819 456
189 667 378 820 460
190 671 378 819 451
191 676 376 829 456
192 674 374 826 453
193 682 381 839 459
194 680 386 836 456
195 678 384 840 460
196 688 381 842 453
197 690 388 844 460
198 690 390 844 462
199 706 392 860 464
200 703 386 859 466
201 701 384 860 466
202 699 382 859 465
203 709 390 870 464
204 707 388 864 466
205 705 386 880 460
206 714 390 871 480
207 712 388 881 470
208 717 386 886 468
209 722 389 891 471
210 731 390 900 472
211 738 388 897 468
212 742 396 904 471
213 740 394 905 474
214 739 394 896 469
215 745 392 917 473
216 743 393 921 471
217 749 391 919 473
218 753 393 925 471
219 761 396 922 470
220 759 394 925 474
221 770 395 939 473
222 768 394 935 475
223 781 396 954 475
224 779 399 945 476
225 782 397 957 475
226 780 395 952 478
227 787 395 957 479
228 785 395 954 480
229 796 396 976 476
230 794 401 965 476
231 802 406 977 476
232 800 404 981 480
233 816 402 979 476
234 814 400 987 478
235 830 405 1006 485
236 821 403 1004 484
237 819 404 1006 483
238 826 405 995 479
239 832 405 1007 485
240 830 403 1012 480
241 842 406 1017 481
242 840 406 1015 481
243 852 409 1027 484
244 850 407 1025 482
245 864 408 1039 483
246 862 405 1040 483
247 876 408 1052 486
248 872 408 1051 485
249 873 407 1055 486
250 871 405 1055 486
251 885 405 1069 486
252 883 411 1056 489
253 890 409 1069 488
254 888 407 1074 491
255 905 414 1082 486
256 901 412 1080 489
257 899 410 1086 490
258 911 408 1087 489
259 929 411 1106 486
260 927 409 1110 491
261 926 412 1109 494
262 924 410 1107 492
263 935 417 1120 486
264 933 415 1121 488
265 931 413 1129 493
266 944 411 1127 486
267 955 413 1142 493
268 953 419 1140 488
269 951 417 1141 488
270 949 415 1149 488
271 982 413 1164 489
272 980 411 1162 493
273 978 409 1160 488
274 986 411 1161 493
275 995 414 1176 489
276 993 412 1175 493
277 1004 410 1186 488
278 1002 415 1181 493
279 1010 413 1191 490
280 1008 411 1189 491
281 1024 416 1200 490
282 1022 414 1196 490
283 1040 413 1217 489
284 1038 411 1215 493
285 1036 411 1215 491
286 1042 414 1214 489
287 1040 412 1227 488
288 1050 411 1225 488
289 1054 409 1239 486
290 1052 413 1241 488
291 1067 411 1246 488
292 1065 409 1251 488
293 1075 416 1239 488
294 1073 414 1255 493
295 1097 418 1276 488
296 1095 416 1277 488
297 1096 414 1278 486
298 1093 418 1275 490
299 1104 415 1286 487
300 1107 420 1289 492
301 1110 417 1292 489
302 1114 415 1296 487
303 1126 413 1307 486
304 1124 411 1302 490
305 1122 409 1311 484
306 1134 413 1306 489
307 1156 417 1328 493
308 1155 419 1327 495
309 1153 420 1325 496
310 1157 412 1329 488
311 1161 415 1340 488
312 1159 417 1338 490
313 1172 413 1350 485
314 1171 414 1349 486
315 1180 415 1358 487
316 1182 415 1360 487
317 1191 415 1369 487
318 1191 413 1369 485
319 1213 413 1388 485
320 1212 413 1387 485
321 1210 411 1385 483
322 1215 414 1386 483
323 1223 418 1394 487
324 1222 416 1393 485
325 1232 414 1403 483
326 1230 415 1401 484
327 1243 416 1414 485
328 1242 413 1413 482
329 1251 414 1422 483
330 1254 409 1425 478
331 1270 410 1441 479
332 1268 412 1439 481
333 1270 409 1441 478
334 1271 411 1442 480
335 1279 410 1450 479
336 1281 408 1452 477
337 1294 406 1460 483
338 1290 404 1456 481
339 1301 406 1467 483
340 1302 404 1468 481
341 1312 408 1476 474
342 1311 412 1475 478
343 1329 409 1493 475
344 1329 409 1493 475
345 1327 412 1491 478
346 1331 410 1495 476
347 1336 410 1500 476
348 1343 408 1507 474
349 1345 409 1509 475
350 1345 409 1509 475
351 1359 411 1523 477
352 1358 409 1522 475
353 1365 407 1529 473
354 1372 407 1536 473
355 1387 405 1551 471
356 1388 405 1552 471
357 1386 405 1550 471
358 1390 403 1554 469
359 1401 408 1565 474
360 1400 404 1564 470
361 1407 403 1571 469
362 1407 401 1571 467
363 1414 401 1578 467
364 1415 399 1579 465
365 1424 400 1588 466
366 1425 398 1589 464
367 1447 400 1611 466
368 1443 399 1607 465
369 1448 399 1612 465
370 1445 401 1609 467
371 1458 405 1617 461
372 1458 409 1617 465
373 1469 404 1623 463
374 1467 402 1624 458
375 1465 406 1632 461
376 1472 409 1639 464
377 1477 407 1644 462
378 1479 402 1646 457
379 1494 398 1661 453
380 1492 399 1662 455
381 1490 397 1659 456
382 1484 395 1657 461
383 1498 396 1672 461
384 1496 393 1672 459
385 1526 391 1680 456
386 1524 396 1678 461
387 1535 392 1689 457
388 1531 394 1685 459
389 1547 395 1701 460
390 1545 393 1699 458
391 1564 390 1718 455
392 1565 395 1719 460
393 1563 394 1717 459
394 1558 394 1712 459
395 1572 392 1726 457
396 1573 394 1727 459
397 1580 395 1734 460
398 1584 385 1738 450
399 1592 386 1746 451
400 1590 388 1744 453
401 1605 386 1759 451
402 1601 386 1755 451
403 1618 385 1772 450
404 1622 386 1776 451
405 1622 384 1776 449
406 1619 384 1774 449
407 1632 384 1787 449
408 1627 383 1782 448
409 1636 382 1791 447
410 1643 384 1798 449
411 1648 385 1803 450
412 1644 387 1799 452
413 1653 378 1808 443
414 1657 381 1812 446
415 1680 379 1835 444
416 1673 377 1828 442
417 1678 380 1833 445
418 1675 380 1830 445
419 1686 379 1841 444
420 1684 378 1839 443
421 1691 379 1846 444
422 1695 375 1850 440
423 1704 374 1859 439
424 1702 376 1857 441
425 1720 374 1875 439
426 1712 373 1867 438
427 1731 370 1886 435
428 1731 375 1886 440
429 1730 370 1885 435
430 1734 371 1889 436
431 1741 371 1896 436
432 1740 371 1895 436
433 1748 370 1903 435
434 1749 375 1904 440
435 1760 373 1915 438
436 1761 373 1916 438
437 1765 371 1920 436
438 1771 371 1920 434
439 1789 369 1920 431
440 1790 367 1918 431
441 1788 365 1916 429
442 1794 363 1919 428
443 1795 364 1920 429
444 1800 361 1920 430
445 1811 359 1918 426
447 1821 363 1920 428
448 1823 361 1918 430
449 1831 359 1916 428
450 1829 361 1920 432
451 1849 357 1920 420
452 1849 359 1920 422
453 1849 361 1920 424
454 1849 357 1920 420
455 1853 361 1920 424
