409 -1 -1 -1 -1
0 1495 721 1730 851
1 1498 713 1734 853
2 1491 710 1727 850
3 1489 713 1721 838
4 1490 711 1722 836
5 1493 714 1725 839
6 1469 702 1701 827
7 1474 700 1706 825
8 1466 699 1698 824
9 1464 703 1696 828
10 1457 699 1689 824
11 1452 693 1684 818
12 1446 690 1678 815
13 1447 686 1679 811
14 1440 685 1672 810
15 1438 688 1670 813
16 1442 686 1674 811
17 1443 682 1675 807
18 1416 669 1648 794
19 1427 671 1659 796
20 1422 670 1654 795
21 1421 669 1653 794
22 1421 667 1653 792
23 1407 667 1639 792
24 1412 660 1644 785
25 1399 666 1634 781
26 1402 664 1637 779
27 1404 659 1639 774
28 1392 662 1627 777
29 1397 662 1621 778
30 1389 658 1613 774
31 1389 653 1613 769
32 1378 647 1602 763
33 1377 651 1601 767
34 1380 645 1604 761
35 1376 641 1592 754
36 1369 638 1585 751
37 1362 643 1578 756
38 1364 645 1580 758
39 1365 637 1581 750
40 1353 637 1569 750
41 1354 640 1570 753
42 1342 629 1558 742
43 1350 630 1566 743
44 1344 628 1560 741
45 1345 624 1561 737
46 1342 626 1542 739
47 1343 623 1543 736
48 1337 623 1537 736
49 1339 621 1539 734
50 1333 619 1533 732
51 1330 615 1530 728
52 1331 617 1531 730
53 1332 615 1532 728
54 1325 611 1525 724
55 1318 609 1518 722
56 1319 604 1519 717
57 1317 605 1517 718
58 1313 609 1506 715
59 1311 607 1504 713
60 1313 605 1506 711
61 1309 605 1502 711
62 1301 602 1494 708
63 1307 603 1500 709
64 1310 601 1503 707
65 1301 602 1494 708
66 1295 599 1488 705
67 1300 597 1493 703
68 1298 594 1491 700
69 1296 592 1475 696
70 1296 590 1475 694
71 1293 583 1472 687
72 1294 591 1473 695
73 1289 590 1468 694
74 1286 584 1465 688
75 1289 587 1468 691
76 1286 581 1465 685
77 1285 584 1464 688
78 1277 578 1456 682
79 1276 579 1455 683
80 1276 573 1455 677
81 1278 570 1457 674
82 1270 571 1449 675
83 1271 569 1450 673
84 1270 574 1449 678
85 1274 566 1453 670
86 1270 568 1449 672
87 1268 570 1447 674
88 1268 565 1447 669
89 1270 569 1437 668
90 1265 565 1432 664
91 1259 567 1426 666
92 1260 559 1427 658
93 1262 558 1429 657
94 1260 557 1427 656
95 1263 562 1430 661
96 1251 557 1418 656
97 1256 556 1423 655
98 1256 557 1423 656
99 1255 555 1422 654
100 1247 558 1414 657
101 1249 555 1416 654
102 1255 553 1402 649
103 1257 546 1404 642
104 1255 549 1402 645
105 1249 547 1396 643
106 1247 550 1394 646
107 1249 548 1396 644
108 1253 546 1400 642
109 1250 543 1397 639
110 1248 546 1395 642
111 1249 544 1396 640
112 1246 539 1393 635
113 1245 540 1391 631
114 1243 538 1376 625
115 1250 537 1383 624
116 1244 531 1377 618
117 1249 535 1382 622
118 1246 535 1379 622
119 1242 528 1375 615
120 1240 537 1373 624
121 1248 530 1381 617
122 1248 527 1381 614
123 1243 530 1376 617
124 1243 531 1376 618
125 1243 529 1376 616
126 1247 526 1380 613
127 1238 524 1371 611
128 1240 521 1373 608
129 1244 523 1377 610
130 1239 521 1372 608
131 1241 516 1374 603
132 1239 520 1372 607
133 1252 514 1361 613
134 1248 510 1357 609
135 1247 509 1356 608
136 1247 506 1356 605
137 1250 504 1359 603
138 1246 501 1355 600
139 1246 508 1357 594
140 1248 503 1359 589
141 1246 506 1357 592
142 1244 508 1355 594
143 1245 505 1356 591
144 1250 503 1354 585
145 1248 504 1352 586
146 1247 503 1351 585
147 1251 501 1355 583
148 1249 500 1353 582
149 1252 501 1356 583
150 1248 498 1352 580
151 1249 493 1353 575
152 1249 493 1349 575
153 1253 491 1353 573
154 1257 493 1346 574
155 1253 489 1342 570
156 1256 490 1345 571
157 1256 489 1345 570
158 1258 487 1347 568
159 1259 485 1348 566
160 1260 488 1349 569
161 1259 483 1348 564
162 1260 481 1349 562
163 1258 484 1347 565
164 1259 478 1348 559
165 1262 482 1351 563
166 1264 477 1353 558
167 1261 477 1350 558
168 1262 477 1351 558
169 1264 475 1353 556
170 1265 472 1354 553
171 1263 475 1352 556
172 1264 471 1353 552
173 1265 470 1354 551
174 1268 467 1357 548
175 1266 468 1362 555
176 1267 470 1363 557
177 1263 468 1359 555
178 1266 466 1362 553
179 1270 462 1366 549
180 1267 459 1363 546
181 1270 457 1366 544
182 1268 460 1364 547
183 1271 458 1367 545
184 1269 466 1375 543
185 1266 467 1372 544
186 1271 466 1377 543
187 1271 460 1377 537
188 1273 458 1379 535
189 1271 463 1385 540
190 1270 460 1384 537
191 1273 457 1387 534
192 1276 453 1390 530
193 1273 461 1387 538
194 1278 457 1392 534
195 1278 455 1392 532
196 1278 453 1392 530
197 1278 453 1392 530
198 1283 455 1397 532
199 1283 448 1397 525
200 1287 447 1401 524
201 1285 448 1399 525
202 1288 445 1402 522
203 1291 447 1405 524
204 1292 444 1406 521
205 1290 442 1414 520
206 1288 440 1412 518
207 1289 438 1413 516
208 1292 438 1416 516
209 1291 445 1412 520
210 1297 437 1418 512
211 1298 440 1422 519
212 1297 441 1420 519
213 1301 439 1418 516
214 1305 435 1422 512
215 1312 433 1429 510
216 1310 436 1429 515
217 1308 434 1432 509
218 1306 432 1437 505
219 1311 432 1442 505
220 1307 436 1438 509
221 1306 434 1437 507
222 1317 429 1448 502
223 1322 433 1453 506
224 1324 428 1455 501
225 1321 433 1452 506
226 1325 431 1456 504
227 1328 428 1459 501
228 1331 433 1469 500
229 1327 434 1465 501
230 1331 430 1469 497
231 1332 426 1470 493
232 1329 428 1467 495
233 1328 432 1466 499
234 1343 428 1481 495
235 1336 425 1474 492
236 1339 423 1477 490
237 1346 424 1470 491
238 1350 425 1474 492
239 1349 424 1473 491
240 1359 422 1483 489
241 1357 424 1481 491
242 1366 422 1490 489
243 1364 420 1499 490
244 1360 419 1495 489
245 1358 424 1492 487
246 1354 428 1488 491
247 1368 418 1502 480
248 1368 421 1502 483
249 1371 419 1505 481
250 1375 421 1509 483
251 1382 419 1516 481
252 1383 417 1517 479
253 1381 418 1515 480
254 1384 418 1518 480
255 1392 416 1526 478
256 1392 418 1526 480
257 1390 414 1524 476
258 1388 417 1522 479
259 1397 414 1531 476
260 1399 409 1533 471
261 1408 409 1542 471
262 1408 408 1542 470
263 1415 409 1549 471
264 1413 410 1547 472
265 1417 413 1551 475
266 1422 407 1556 469
267 1423 405 1557 467
268 1426 408 1560 470
269 1427 411 1561 473
270 1439 409 1573 471
271 1437 405 1571 467
272 1438 410 1572 472
273 1437 409 1571 471
274 1454 402 1588 464
275 1452 406 1595 466
276 1452 404 1595 464
277 1456 411 1599 471
278 1454 409 1605 464
279 1461 407 1612 462
280 1459 405 1606 464
281 1466 407 1613 466
282 1472 405 1619 464
283 1475 405 1622 464
284 1483 403 1630 462
285 1484 401 1631 460
286 1482 399 1639 458
287 1476 402 1633 461
288 1474 400 1649 461
289 1473 398 1648 459
290 1474 393 1649 454
291 1499 392 1655 456
292 1500 401 1652 453
293 1498 402 1650 454
294 1515 395 1667 447
295 1513 399 1665 451
296 1511 397 1674 461
297 1505 393 1668 457
298 1505 390 1668 454
299 1513 389 1676 453
300 1511 387 1679 456
301 1509 385 1684 455
302 1517 385 1692 455
303 1519 386 1699 452
304 1517 389 1695 450
305 1516 395 1694 456
306 1514 395 1692 456
307 1527 396 1705 457
308 1538 388 1716 449
309 1536 388 1714 449
310 1567 387 1719 450
311 1571 385 1717 448
312 1574 383 1725 448
313 1575 381 1723 449
314 1580 379 1728 442
315 1584 386 1732 449
316 1582 384 1736 444
317 1577 390 1731 450
318 1601 382 1750 446
319 1602 384 1751 448
320 1603 382 1752 446
321 1611 383 1760 447
322 1615 379 1764 443
323 1615 381 1764 445
324 1629 379 1762 446
325 1627 377 1771 445
326 1625 375 1779 444
327 1623 378 1774 442
328 1621 376 1780 440
329 1634 375 1775 438
330 1650 373 1791 436
331 1646 381 1787 444
332 1651 371 1802 436
333 1651 374 1802 439
334 1659 371 1810 436
335 1662 375 1813 440
336 1660 381 1814 438
337 1664 379 1818 436
338 1674 377 1828 434
339 1672 375 1824 441
340 1672 373 1824 439
341 1673 369 1825 435
342 1674 370 1826 436
343 1685 371 1837 437
344 1696 366 1848 432
345 1694 368 1844 434
346 1703 369 1853 435
347 1706 367 1856 433
348 1709 363 1859 429
349 1713 367 1863 433
350 1716 362 1866 428
351 1714 365 1864 431
352 1720 363 1870 429
353 1723 364 1873 430
354 1733 362 1883 428
355 1736 357 1886 423
356 1744 364 1884 423
357 1746 365 1886 424
358 1756 367 1896 426
359 1756 365 1896 424
360 1758 364 1898 423
361 1764 366 1904 425
362 1762 363 1902 422
363 1770 365 1910 424
364 1771 363 1911 422
365 1768 368 1908 427
366 1780 364 1920 423
367 1780 366 1920 425
368 1780 363 1920 422
369 1795 361 1920 415
370 1802 359 1918 413
371 1804 362 1920 416
372 1810 360 1918 414
373 1811 358 1916 413
374 1816 356 1920 411
375 1814 354 1915 413
376 1814 355 1916 414
377 1818 355 1920 414
378 1830 353 1918 414
379 1834 351 1916 413
380 1840 349 1920 405
381 1838 347 1920 408
382 1847 345 1918 410
383 1852 343 1916 406
384 1856 341 1920 406
385 1861 339 1918 405
386 1865 337 1916 405
387 1863 349 1915 403
388 1861 347 1920 406
389 1861 345 1920 404
