492 -1 -1 -1 -1
0 164 120 242 175
1 163 119 241 174
2 170 120 248 175
3 173 118 251 173
4 177 118 255 173
5 176 119 254 174
6 175 122 253 177
7 174 123 249 180
8 174 123 249 180
9 175 124 250 181
10 175 121 260 183
11 175 126 260 188
12 170 121 255 183
13 168 119 259 186
14 178 122 269 189
15 175 124 266 191
16 178 122 269 189
17 177 125 268 192
18 179 120 289 203
19 177 130 270 196
20 175 128 277 199
21 182 126 269 194
22 184 129 271 197
23 186 127 273 195
24 182 129 269 197
25 184 129 271 197
26 187 129 274 197
27 192 130 279 198
28 188 132 275 200
29 185 130 276 205
30 191 136 284 205
31 193 131 286 200
32 191 134 284 203
33 191 133 284 202
34 196 135 289 204
35 196 137 289 206
36 198 136 291 205
37 196 135 289 204
38 198 139 291 208
39 199 139 292 208
40 202 140 295 209
41 199 140 292 209
42 204 141 297 210
43 204 141 297 210
44 202 148 296 208
45 205 148 299 208
46 203 150 297 210
47 203 151 297 211
48 205 151 299 211
49 208 151 302 211
50 211 155 305 215
51 212 150 306 210
52 215 154 309 214
53 212 157 306 217
54 212 158 306 218
55 216 157 310 217
56 214 160 308 220
57 218 159 312 219
58 218 160 312 220
59 221 159 315 219
60 219 161 313 221
61 219 160 319 224
62 225 158 319 228
63 222 162 316 232
64 226 165 320 235
65 225 160 319 230
66 223 158 322 236
67 227 164 326 242
68 228 164 327 242
69 231 163 330 241
70 233 159 332 237
71 237 165 336 243
72 235 168 324 238
73 237 166 326 236
74 242 169 331 239
75 240 170 329 240
76 245 175 329 236
77 240 175 337 245
78 241 174 339 244
79 239 173 337 243
80 244 176 342 246
81 244 176 342 246
82 247 179 345 249
83 247 177 345 247
84 249 178 342 249
85 249 179 342 250
86 253 180 346 251
87 255 180 348 251
88 253 180 346 251
89 256 179 349 250
90 260 186 346 253
91 258 184 354 255
92 260 187 356 258
93 259 183 355 254
94 262 190 358 261
95 262 192 358 263
96 263 189 359 260
97 260 191 356 262
98 267 190 363 261
99 265 192 361 263
100 268 192 364 263
101 270 185 371 275
102 273 182 374 272
103 272 184 373 274
104 271 186 372 276
105 272 182 373 272
106 279 189 375 275
107 277 190 373 276
108 276 191 372 277
109 276 187 372 273
110 280 194 376 280
111 285 193 381 279
112 283 205 389 281
113 281 205 387 281
114 287 209 393 285
115 287 208 393 284
116 288 207 394 283
117 286 209 392 285
118 290 215 396 291
119 289 217 395 293
120 291 216 397 292
121 295 216 393 289
122 299 224 397 297
123 300 221 398 294
124 302 220 400 293
125 300 220 398 293
126 305 221 405 298
127 303 223 403 300
128 302 225 402 302
129 307 225 407 302
130 309 226 409 303
131 311 225 416 304
132 309 226 414 305
133 310 224 415 303
134 312 228 417 307
135 315 229 420 308
136 320 233 425 312
137 320 231 430 311
138 318 236 428 316
139 321 234 431 314
140 321 237 431 317
141 321 237 431 317
142 329 238 433 316
143 330 237 434 315
144 327 239 431 317
145 328 242 432 320
146 338 248 442 326
147 337 248 441 326
148 337 249 441 327
149 343 245 447 323
150 341 247 445 325
151 344 249 448 327
152 347 256 451 334
153 346 254 450 332
154 349 256 453 334
155 352 258 456 336
156 353 254 457 332
157 348 255 452 333
158 354 260 458 338
159 352 259 466 341
160 355 260 465 339
161 353 259 463 338
162 353 264 463 343
163 357 262 467 341
164 360 265 470 344
165 362 265 472 344
166 365 272 475 351
167 366 270 476 349
168 364 274 474 353
169 362 278 479 361
170 372 280 488 361
171 370 279 486 360
172 377 282 493 363
173 378 282 494 363
174 383 283 499 364
175 381 282 497 363
176 381 283 497 364
177 380 290 496 371
178 383 283 499 364
179 386 286 502 367
180 389 286 505 367
181 390 287 506 368
182 392 289 508 370
183 399 297 515 378
184 400 304 516 385
185 400 298 516 379
186 411 307 527 388
187 412 309 528 390
188 413 309 529 390
189 415 297 533 391
190 419 300 537 394
191 417 300 535 394
192 420 301 538 395
193 420 303 538 397
194 427 305 545 399
195 425 311 547 397
196 425 320 548 401
197 424 318 546 398
198 426 318 555 415
199 426 316 552 415
200 430 314 557 415
201 428 312 560 413
202 434 320 556 415
203 435 323 557 418
204 436 321 558 416
205 437 320 559 415
206 450 328 572 423
207 448 331 570 426
208 453 334 575 429
209 453 331 575 426
210 455 336 583 441
211 455 336 583 441
212 460 336 588 441
213 461 339 589 444
214 465 344 593 449
215 463 346 591 451
216 465 344 593 449
217 463 342 595 450
218 470 345 607 451
219 471 351 608 457
220 478 350 615 456
221 477 350 614 456
222 483 354 620 460
223 481 358 618 464
224 487 366 624 472
225 486 364 623 470
226 491 365 628 471
227 490 363 627 469
228 490 365 627 471
229 488 368 625 474
230 501 374 638 480
231 502 374 639 480
232 504 380 645 493
233 504 380 645 493
234 514 378 656 495
235 512 379 654 496
236 516 380 658 497
237 518 382 660 499
238 521 380 663 497
239 521 391 663 508
240 521 399 663 516
241 520 393 662 510
242 533 401 677 513
243 530 400 677 515
244 536 403 685 515
245 534 401 685 513
246 543 406 694 518
247 544 406 695 518
248 550 414 701 526
249 549 411 700 523
250 552 418 712 535
251 549 418 709 535
252 554 415 714 532
253 552 417 712 534
254 563 423 726 548
255 563 421 726 546
256 568 421 731 546
257 568 428 729 554
258 578 431 739 557
259 576 433 737 559
260 583 435 744 561
261 583 437 744 563
262 591 439 752 565
263 591 443 757 570
264 594 446 760 573
265 588 441 754 568
266 602 454 770 583
267 601 450 769 579
268 606 459 780 588
269 608 456 782 585
270 610 464 784 593
271 615 465 789 594
272 622 468 794 604
273 621 466 794 609
274 631 464 807 615
275 625 465 805 611
276 624 463 805 612
277 631 473 804 608
278 641 480 818 629
279 639 478 827 628
280 645 486 833 636
281 651 485 839 635
282 651 496 839 646
283 657 494 842 639
284 662 500 847 645
285 664 503 849 648
286 671 505 860 655
287 669 503 855 654
288 672 506 858 657
289 670 507 856 658
290 685 518 881 678
291 683 516 882 674
292 692 523 888 679
293 690 525 886 681
294 698 533 897 691
295 696 531 900 693
296 709 539 912 704
297 707 537 914 700
298 718 549 921 705
299 719 547 922 703
300 717 545 920 713
301 717 543 920 711
302 735 557 944 728
303 742 563 935 733
304 744 564 953 735
305 743 566 952 737
306 752 577 972 746
307 753 572 973 741
308 760 585 980 758
309 760 585 980 758
310 774 583 990 764
311 772 581 992 760
312 770 584 987 766
313 768 582 991 768
314 793 609 1016 795
315 795 606 1018 792
316 802 614 1035 798
317 800 606 1030 803
318 808 617 1044 814
319 806 617 1042 814
320 820 626 1056 823
321 818 626 1054 823
322 833 629 1069 826
323 831 627 1074 836
324 832 628 1075 837
325 830 634 1073 843
326 853 652 1096 861
327 851 650 1105 860
328 863 663 1117 873
329 861 661 1115 871
330 875 670 1129 880
331 879 670 1133 880
332 886 679 1146 880
333 887 679 1147 880
334 900 686 1162 880
335 899 686 1162 880
336 897 684 1164 880
337 895 693 1170 878
338 926 710 1197 880
339 924 710 1195 880
340 939 720 1196 880
341 936 720 1193 880
342 949 730 1191 880
343 947 728 1215 880
344 967 739 1211 880
345 963 739 1227 880
346 979 751 1237 880
347 977 751 1233 880
348 975 749 1233 880
349 978 750 1241 880
350 1010 775 1249 880
351 1008 778 1256 880
352 1026 784 1262 880
353 1024 785 1260 878
354 1037 798 1260 880
355 1035 799 1254 878
356 1054 809 1260 880
357 1056 809 1262 880
358 1054 824 1265 878
359 1059 824 1259 880
